
 30

((t17: 0.186718, t19: 0.235697): 0.010949, ((t20: 0.024474, t22: 0.042639): 0.139602, t29: 0.172539): 0.028113, ((t18: 0.152005, t27: 0.081133): 0.088093, ((((((t1: 0.027877, t11: 0.018188): 0.072909, t30: 0.061643): 0.076955, (t3: 0.061075, t13: 0.057770): 0.057570): 0.078416, ((((t21: 0.021718, t6: 0.032084): 0.000028, t5: 0.022702): 0.086765, (t12: 0.056208, t8: 0.041755): 0.061972): 0.027929, t15: 0.140617): 0.092266): 0.006569, (((t28: 0.116102, t14: 0.103615): 0.063353, t2: 0.127165): 0.004447, (t10: 0.131027, t24: 0.132935): 0.039316): 0.003895): 0.006430, ((t4: 0.127057, t25: 0.155024): 0.077622, (t23: 0.118600, ((t9: 0.016048, t26: 0.033043): 0.115968, (t7: 0.048740, t16: 0.062694): 0.086557): 0.003809): 0.043779): 0.014258): 0.010930): 0.023715);

  0.010949  0.186718  0.235697  0.028113  0.139602  0.024474  0.042639  0.172539  0.023715  0.088093  0.152005  0.081133  0.010930  0.006430  0.006569  0.078416  0.076955  0.072909  0.027877  0.018188  0.061643  0.057570  0.061075  0.057770  0.092266  0.027929  0.086765  0.000028  0.021718  0.032084  0.022702  0.061972  0.056208  0.041755  0.140617  0.003895  0.004447  0.063353  0.116102  0.103615  0.127165  0.039316  0.131027  0.132935  0.014258  0.077622  0.127057  0.155024  0.043779  0.118600  0.003809  0.115968  0.016048  0.033043  0.086557  0.048740  0.062694

  0.000000  0.000000  0.000000  0.000000  0.000000  0.000000  0.000000  0.000000  0.000000  0.000000  0.000000  0.000000  0.000000  0.000000  0.000000  0.000000  0.000000  0.000000  0.000000  0.000000  0.000000  0.000000  0.000000  0.000000  0.000000  0.000000  0.000000 -0.002556  0.000000  0.000000  0.000000  0.000000  0.000000  0.000000  0.000000  0.000000  0.000000  0.000000  0.000000  0.000000  0.000000  0.000000  0.000000  0.000000  0.000000  0.000000  0.000000  0.000000  0.000000  0.000000  0.000000  0.000000  0.000000  0.000000  0.000000  0.000000  0.000000


Hessian

  -1.95e+04      -1595      -1025      223.6      131.9     -616.4      -1240      291.3      -2469      272.9      476.8      38.52      -1417       1145       1133     -487.9       -116     -25.31      298.6      -1953     -573.5     -204.9      848.6     -30.05      242.3      302.4      529.8      -1940      481.8      227.8      249.3      -1471        416      -1664      146.8      739.2      279.3     -240.8     -3.369     -420.5      327.5      5.675      124.5      808.9       1100      239.8      135.2      3.821       1157      538.6      564.5     -322.4        781      666.7      175.7     -313.2       -469
      -1595      -3403      185.1      72.28      95.11      364.1      273.9        222     -713.9      359.6      180.9       -183      371.1       1085       1101      296.8     -169.3       -142       1029     -356.9      34.12     -292.7      685.5     -43.29      355.7     -202.1      216.9      212.8       -214      145.3      753.1     -250.1     -82.29     -313.2      114.7      2.195     -571.1     -174.5      125.4      115.5      236.1      357.4      204.7      23.67      572.7      167.5      114.5      69.05      306.9      269.8      797.7     -60.01      235.7      139.3      170.2     -212.4     -117.3
      -1025      185.1      -2576      400.4      45.69      80.94      254.8     -68.49     -114.1     -113.9      91.14      2.544     -110.1      49.62     -100.9     -2.747      212.9      126.9      80.29      360.2      109.4      225.5      335.4      121.4      157.5     -8.218      98.59      -2618      429.2      25.38     -729.1     0.2013      338.8        201        233       1101      624.1      138.1     -61.11      320.2     -60.12      39.94        478      68.48      300.7      190.3      170.4      10.72      303.8     -64.67      661.8      182.9     -356.3      376.9     -207.9      194.1      129.9
      223.6      72.28      400.4 -1.612e+04      -1248      563.9      377.5       -902      -2411     -277.4     -199.3      27.84     -353.5       1185      -1555      42.67      105.9      352.6     -938.3     -216.6       -518       1020       1159      966.6        297     -141.1      364.9       1643      699.2      -3014       1610      212.9    -0.3234      745.5     -116.6     -87.56      37.46     -419.6      187.9        577     -385.7      989.1      13.19       1134       1022      356.5     -173.2     -192.3       -755      30.71       -627     -138.6      925.1      127.9      -1004      789.2      700.1
      131.9      95.11      45.69      -1248      -4689      427.7      724.1      125.6     -202.2     -80.13     -244.6      -4.82      110.9       1201      -1051        233      171.9      353.6     -344.1     -19.45       40.3     -375.8      488.1      643.1      113.7        132     -21.69      881.8      323.4      65.17     -627.3      347.4     -142.7     -236.4     -8.389      293.5      103.1     -181.2      326.5       -151        242      821.3      150.3      44.72      495.1        376      7.421     -99.83      129.6     -161.5      378.8     -169.3     -458.7      420.7     -119.6     -39.97     -186.6
     -616.4      364.1      80.94      563.9      427.7 -2.992e+04      -3924      332.1       -287      505.5     -120.6     -390.8      461.2       1018       1707     -391.6     -891.6     -640.7       1792      141.6      514.5     -75.73      320.1       1065      455.6     -361.9      130.6       1557     -144.5      -1146       -883      383.1      725.4       1210     -590.6      714.9        923      529.7      140.6      84.02     -26.71     -923.3     -467.6       -556      -1180     -404.8     -660.6     -15.26      938.4      970.2       1221      290.2      -1102       1851     -452.6       1004      160.2
      -1240      273.9      254.8      377.5      724.1      -3924 -1.916e+04      298.3      649.8       96.5     -351.5      122.1     -416.1       55.9       1019     -134.4     -691.1     -831.3       1128       1100        574        209      119.6      299.8     -250.3     -484.7      167.6       1632      479.2      -1074     -115.4      192.6     -216.6      614.6      642.9     -411.6      572.4      817.9     -477.1      241.4     -54.17      554.3     -251.8     -220.1     -314.3      72.89     -404.3     -351.1     -203.2      173.4       -854     -597.3      256.7       1827     -977.2       1024      370.4
      291.3        222     -68.49       -902      125.6      332.1      298.3      -3797     -328.7      216.4      263.8      253.2      147.5       -836     -588.6      322.5     -125.4      318.4     -159.8      814.7        323      543.7      41.09     -409.3      128.1      405.8      304.3       1466      286.7      480.4       1086      390.6     -139.1      248.3      241.2     -174.7      640.5     -391.4      361.9      3.135      276.7     -109.2      77.76      287.9     -758.4      59.04       -324      264.1        123      57.62      331.8     -16.65     -369.6      342.8      121.2      275.8      349.9
      -2469     -713.9     -114.1      -2411     -202.2       -287      649.8     -328.7 -2.154e+04       1021      768.5      697.2      -2507       -301       1198      558.5     -923.6      -1560     -22.42        249     -749.9      536.5      387.2     -317.9     -89.26      674.8      478.9      766.3      396.2      -1574     -533.2       1003      -1390      312.1     -570.3      933.7      664.7        368      22.62      591.9      228.4      214.2        313      275.9      686.2      440.4     -791.9      321.6     -422.7        366     -223.9     -119.7       1154     -455.5       41.8       1035     -146.4
      272.9      359.6     -113.9     -277.4     -80.13      505.5       96.5      216.4       1021      -7414      91.37     -388.8      -1429      758.5     -185.1        434      -80.6      362.8     -45.95      769.9      130.3     -249.2       -145      329.8        247      163.2      551.5      -7772      -1800      498.5     -283.3     -639.3      108.6       46.3     -8.875      -2746      293.2      10.08      417.2     -430.3     -89.43     -122.1      236.5      315.1       1020      97.69      357.6       -134     -76.45      699.2      297.5      1.663     0.4443       -299     -428.5      23.71      300.6
      476.8      180.9      91.14     -199.3     -244.6     -120.6     -351.5      263.8      768.5      91.37      -4489      41.03      620.2       1044     -722.3      383.5      66.73      78.49     -653.4      -1329      284.1      124.7      -16.9     -182.2     -207.5         72      -38.9       2142      516.8      896.2      564.8     -13.82      49.82      243.3      401.6       1146      678.7      552.9      368.3     -138.6      142.9      630.5      97.08        126      -1063      282.1      225.2     -303.6     -906.1     -43.76      245.7      171.4     -194.8      643.5     -40.58      732.4      567.6
      38.52       -183      2.544      27.84      -4.82     -390.8      122.1      253.2      697.2     -388.8      41.03      -8189      460.1     -614.7      -7.41      254.9     -285.2        578       1176      143.1       6.33      795.2      244.1      370.3      450.4     -711.4     -173.3       2130      175.5      -1153      225.1     -366.4      701.9     -407.6      170.5        945      937.8     -526.9      32.98      92.99      116.8     -404.8     -259.4      175.8       1195      7.424      183.7        471      659.8     -227.6     -51.47         65        433      195.7     -30.63      -1027     -147.5
      -1417      371.1     -110.1     -353.5      110.9      461.2     -416.1      147.5      -2507      -1429      620.2      460.1 -4.804e+04 -1.069e+04      402.1      -1171      744.1     -654.1     -51.64     -45.04     -951.3       1417      643.6       1299       93.3        886      972.7       1077       1309       1182     -789.9      935.3      111.2     -814.6     -572.7      326.5      370.8      806.8        369      295.1      766.4       -842       1172       -574     -272.9     -310.8      602.6      857.3     -512.1        971      43.29     -47.82      881.5      -5649      600.4     -431.9      533.6
       1145       1085      49.62       1185       1201       1018       55.9       -836       -301      758.5       1044     -614.7 -1.069e+04 -8.401e+04      614.3      1.034      891.6      281.5       1849       1276       1036       1443      -1902      631.2      -1579      691.3     -782.6       1245      260.7      400.1      -1334      188.1      769.5      -2537      14.62      -5699      -1087     -347.6      321.6      -1512      375.5     -135.4      490.5     -186.4      -4217     -373.8      -1004        665     -532.2     -245.5      -4177        202       1511       1582      341.3       1299      -4124
       1133       1101     -100.9      -1555      -1051       1707       1019     -588.6       1198     -185.1     -722.3      -7.41      402.1      614.3 -5.289e+04      -2845      -1347      807.5      -4319       1101       -731     -765.2     -355.1      724.9      -2572      179.3      -1483      -6307       1106       1593       1355      -1294      271.2      -2195      687.9       1023      649.1     -703.7      248.3        417     -753.5       1170     -566.1       1103       1498     -88.75      216.9      -1102      470.3      -1974      453.2      858.5      -1214     -483.5      149.7       1128       1345
     -487.9      296.8     -2.747      42.67        233     -391.6     -134.4      322.5      558.5        434      383.5      254.9      -1171      1.034      -2845      -8509     -249.5      225.6      133.7      457.9     -281.7     -803.4      465.1      314.1      507.8      122.5      112.7       1280      599.4     -165.3      -1156      405.5     -133.1       -673     -18.99      -1461      216.8      502.5      132.3      374.3     -103.6     -293.1      80.17      110.5      733.7      168.3      448.9     -339.7      516.3      128.3      397.2      350.7      17.87      39.46        137     -533.8      536.7
       -116     -169.3      212.9      105.9      171.9     -891.6     -691.1     -125.4     -923.6      -80.6      66.73     -285.2      744.1      891.6      -1347     -249.5      -8153      157.8     -124.8     -843.4     -182.5     -747.7     -57.18     -287.3      389.9      763.8      276.7      703.8     -662.2     -601.9      24.27      326.3      -1239     -393.6      177.1      -2469     -805.9      80.95      202.2       62.7     -152.4      292.1     -360.9      382.3      559.8      388.7     -73.27      273.2       1011      422.5        818        302       1139      401.2      616.4     -573.6      691.6
     -25.31       -142      126.9      352.6      353.6     -640.7     -831.3      318.4      -1560      362.8      78.49        578     -654.1      281.5      807.5      225.6      157.8 -1.013e+04      260.9     -370.9     -727.4      317.2     -70.04     -166.6      457.3       -435      23.36      -1754      469.8      592.3     -481.9       -201      37.75      609.7      23.83     -547.2      334.1      253.8     -86.47     -277.6      484.1       1094     -313.6      247.9      -3691      278.3     -216.6      312.1      -1464      74.81      -1390      67.98       1557      238.8      205.2      467.5     -724.3
      298.6       1029      80.29     -938.3     -344.1       1792       1128     -159.8     -22.42     -45.95     -653.4       1176     -51.64       1849      -4319      133.7     -124.8      260.9 -3.106e+04      -5705     -369.1      217.6       -995      643.9     -445.8       1489       1616       1577       1978       1543      674.1      394.4      -1642      798.6     -187.5       1876        481      254.4       1112      380.7     -451.4      620.1       -222      423.5     -994.2      -1004      304.4     -448.4     -16.86     -829.8      792.7      65.95      424.7      -1603     -407.6     -872.3      -18.8
      -1953     -356.9      360.2     -216.6     -19.45      141.6       1100      814.7        249      769.9      -1329      143.1     -45.04       1276       1101      457.9     -843.4     -370.9      -5705  -4.52e+04     -64.79      976.3       1073      257.8      773.2     -713.8     -314.1       1647       1788      364.7     -953.6      -1292        335      96.23      877.1       1886      627.5      406.2     -74.93     -925.5     -640.8      190.8      813.4      761.6      -7715       1105      79.59      61.88      -1199      621.6      834.6      434.6       1024      651.6       1262     -383.9     -41.43
     -573.5      34.12      109.4       -518       40.3      514.5        574        323     -749.9      130.3      284.1       6.33     -951.3       1036       -731     -281.7     -182.5     -727.4     -369.1     -64.79  -1.18e+04      74.25      704.2     -455.4      221.8      345.3     -307.1       1403      931.8     -40.36     -175.1      127.8     -234.4     -39.75      103.7       1405      -2754      472.5      111.8      713.2      315.3      446.9     -376.2      374.1      53.56      850.9      480.4      297.9     -43.36      175.3        279     -390.5      258.4     -780.2      786.5     -989.7      34.84
     -204.9     -292.7      225.5       1020     -375.8     -75.73        209      543.7      536.5     -249.2      124.7      795.2       1417       1443     -765.2     -803.4     -747.7      317.2      217.6      976.3      74.25 -1.105e+04      325.9        159      133.8      270.5     -308.9      -8574       1043      413.4     -701.2      905.3      -1068      -1400      291.8      -3055        996      226.4      71.33     -61.87     -293.3      726.5      211.2     -330.8     -335.3     -17.98     -79.46      682.7      916.2      35.09      463.2      253.6      304.5       1027      48.54      49.28      151.3
      848.6      685.5      335.4       1159      488.1      320.1      119.6      41.09      387.2       -145      -16.9      244.1      643.6      -1902     -355.1      465.1     -57.18     -70.04       -995       1073      704.2      325.9 -1.235e+04      -1055     -549.4      488.6      32.58       1002     -138.2       1577     -364.4      50.54      469.9      186.2      189.3      -1639     -788.2     -70.17     -199.8      88.35     -675.6     -729.9      18.07      57.33     -450.5      386.7     -96.35      453.7     -890.3     -108.7     -34.04      158.2      788.8      715.2        373       -184     -606.5
     -30.05     -43.29      121.4      966.6      643.1       1065      299.8     -409.3     -317.9      329.8     -182.2      370.3       1299      631.2      724.9      314.1     -287.3     -166.6      643.9      257.8     -455.4        159      -1055   -1.3e+04      427.8      481.3      111.1       2621     -160.2       1155      942.1     -23.41      -1075     -479.8      561.7     -76.06      -1742      116.5      134.1      122.2      232.9      497.9     -269.8      388.2       1017     -170.9        324      53.24     -110.7      684.9     -944.8      134.6       1239      73.67      390.6     -334.6     -37.66
      242.3      355.7      157.5        297      113.7      455.6     -250.3      128.1     -89.26        247     -207.5      450.4       93.3      -1579      -2572      507.8      389.9      457.3     -445.8      773.2      221.8      133.8     -549.4      427.8      -7111     -620.2     -104.4      -5841     -158.9       1069     -264.7     -94.36      909.5      139.6      345.1      473.3      651.4     -12.75     -112.6     -189.9     -118.7      236.1      318.5     -76.19      -1088     -283.8     -94.75     -41.18     -336.8      115.1        322       -281     -939.6      297.9      55.19      119.4       -586
      302.4     -202.1     -8.218     -141.1        132     -361.9     -484.7      405.8      674.8      163.2         72     -711.4        886      691.3      179.3      122.5      763.8       -435       1489     -713.8      345.3      270.5      488.6      481.3     -620.2 -1.828e+04     -818.7      -3028     -449.3      489.9     -323.5      -1104       1078      108.8     -231.5      632.8      426.8     -106.5      316.1     -55.11      250.9      183.3      154.1      286.9     -616.7      424.5      221.3      217.9     -28.09     -275.7      240.3     -87.36      650.8     -532.8     -264.8       37.7      382.4
      529.8      216.9      98.59      364.9     -21.69      130.6      167.6      304.3      478.9      551.5      -38.9     -173.3      972.7     -782.6      -1483      112.7      276.7      23.36       1616     -314.1     -307.1     -308.9      32.58      111.1     -104.4     -818.7      -8290      -3770       23.5      603.1       1084     -449.5      898.3      64.74      329.5      674.3      960.3      316.5      257.3     -107.8      81.44    -0.3517     -434.8      53.79      -1787     -156.3     -175.8     -30.68      143.1     -377.4     -253.6     -278.5     -483.6      245.5      776.5     -36.21       -267
      -1940      212.8      -2618       1643      881.8       1557       1632       1466      766.3      -7772       2142       2130       1077       1245      -6307       1280      703.8      -1754       1577       1647       1403      -8574       1002       2621      -5841      -3028      -3770  -4.71e+05      -8019      -4697 -3.203e+04      181.9       2108       2320      849.3       1140       1193      259.5       1296       -241      154.3       1441       1466      -3320       1066      -1513      -3804       1035       1543     -118.5      124.7     -767.4       1300       1736       1500       1133      570.3
      481.8       -214      429.2      699.2      323.4     -144.5      479.2      286.7      396.2      -1800      516.8      175.5       1309      260.7       1106      599.4     -662.2      469.8       1978       1788      931.8       1043     -138.2     -160.2     -158.9     -449.3       23.5      -8019 -4.309e+04      482.9      430.6       1567     -731.7      -1252      407.8 -1.289e+04      -4021      -1038      67.93      -1207     -818.2       -234      729.9     -127.8     -672.1       -444        786     -505.5       1510     -296.6       1354      748.2        898      -3385      662.4      154.7     -728.8
      227.8      145.3      25.38      -3014      65.17      -1146      -1074      480.4      -1574      498.5      896.2      -1153       1182      400.1       1593     -165.3     -601.9      592.3       1543      364.7     -40.36      413.4       1577       1155       1069      489.9      603.1      -4697      482.9 -2.999e+04      -1896      210.4      510.2       1126      159.6      656.1       1310      219.8      780.2        826     -96.08     -638.9      24.29      789.1       1565     -652.4      19.23      125.3      236.6      488.9      260.5      394.2       1423       1894      130.4      665.8     -264.9
      249.3      753.1     -729.1       1610     -627.3       -883     -115.4       1086     -533.2     -283.3      564.8      225.1     -789.9      -1334       1355      -1156      24.27     -481.9      674.1     -953.6     -175.1     -701.2     -364.4      942.1     -264.7     -323.5       1084 -3.203e+04      430.6      -1896 -4.146e+04     -157.7     -461.6      529.2      206.2      -1539      510.3      8.771     -83.66      289.8      53.06      400.2      793.1     -361.5       1670       -701      728.1      328.9       1362     -212.3      -1416     -432.8       1453       1938      187.1     -18.89        408
      -1471     -250.1     0.2013      212.9      347.4      383.1      192.6      390.6       1003     -639.3     -13.82     -366.4      935.3      188.1      -1294      405.5      326.3       -201      394.4      -1292      127.8      905.3      50.54     -23.41     -94.36      -1104     -449.5      181.9       1567      210.4     -157.7 -1.125e+04      531.9     -326.3      308.1      48.19     -82.81      105.5     -291.2     -315.3     -10.34     -121.4      226.7      963.7     -272.9      264.4      100.3      166.1      601.4      46.22     -165.5      208.1     -676.2     -179.8      231.9      -1513      281.4
        416     -82.29      338.8    -0.3234     -142.7      725.4     -216.6     -139.1      -1390      108.6      49.82      701.9      111.2      769.5      271.2     -133.1      -1239      37.75      -1642        335     -234.4      -1068      469.9      -1075      909.5       1078      898.3       2108     -731.7      510.2     -461.6      531.9  -1.42e+04      -1170      31.85      -1569      505.9        410     -283.2      174.6      283.6       -222      330.8      923.5       1114     -282.5        450        563      765.7      383.7     -485.4      393.4     -780.8     -444.7      568.6     -311.7     -191.6
      -1664     -313.2        201      745.5     -236.4       1210      614.6      248.3      312.1       46.3      243.3     -407.6     -814.6      -2537      -2195       -673     -393.6      609.7      798.6      96.23     -39.75      -1400      186.2     -479.8      139.6      108.8      64.74       2320      -1252       1126      529.2     -326.3      -1170 -1.914e+04      627.6      -2560      -2318     -164.1      332.6     -277.1     -655.9      148.5      750.1     -10.37       1015      632.1      489.3        263       1311        107      997.8        636      -1180      429.5     -133.2     -418.6      718.4
      146.8      114.7        233     -116.6     -8.389     -590.6      642.9      241.2     -570.3     -8.875      401.6      170.5     -572.7      14.62      687.9     -18.99      177.1      23.83     -187.5      877.1      103.7      291.8      189.3      561.7      345.1     -231.5      329.5      849.3      407.8      159.6      206.2      308.1      31.85      627.6      -4784      509.5      -1317     -89.39      230.2        279       -193      284.9      133.6      133.7        249       -359        194      60.26     -64.47      149.6       -261     -21.68      280.3       -117       -143      570.9      301.7
      739.2      2.195       1101     -87.56      293.5      714.9     -411.6     -174.7      933.7      -2746       1146        945      326.5      -5699       1023      -1461      -2469     -547.2       1876       1886       1405      -3055      -1639     -76.06      473.3      632.8      674.3       1140 -1.289e+04      656.1      -1539      48.19      -1569      -2560      509.5 -1.219e+05      -5181      -2595      122.4      -1183      -3574      -3614      422.3      456.2      -2658       1300       1246      130.3       1076       -322      963.9       1064       1483       1734       1304      -1609     -523.7
      279.3     -571.1      624.1      37.46      103.1        923      572.4      640.5      664.7      293.2      678.7      937.8      370.8      -1087      649.1      216.8     -805.9      334.1        481      627.5      -2754        996     -788.2      -1742      651.4      426.8      960.3       1193      -4021       1310      510.3     -82.81      505.9      -2318      -1317      -5181 -8.764e+04      -4266      309.7     -80.16      -2675      641.3      933.3      -1255      688.4      9.657      487.2      512.3      229.7      481.5      830.5      314.2       1288       1371      796.2        546      50.56
     -240.8     -174.5      138.1     -419.6     -181.2      529.7      817.9     -391.4        368      10.08      552.9     -526.9      806.8     -347.6     -703.7      502.5      80.95      253.8      254.4      406.2      472.5      226.4     -70.17      116.5     -12.75     -106.5      316.5      259.5      -1038      219.8      8.771      105.5        410     -164.1     -89.39      -2595      -4266 -1.065e+04     -145.2     0.7382      50.65     -147.3      172.2      310.6     -554.2     -213.3     -182.3     -169.7      153.7     -117.5      684.6      54.35      27.56       37.6      212.1     -195.1      -1211
     -3.369      125.4     -61.11      187.9      326.5      140.6     -477.1      361.9      22.62      417.2      368.3      32.98        369      321.6      248.3      132.3      202.2     -86.47       1112     -74.93      111.8      71.33     -199.8      134.1     -112.6      316.1      257.3       1296      67.93      780.2     -83.66     -291.2     -283.2      332.6      230.2      122.4      309.7     -145.2      -6311      469.6      161.8     -389.3      303.6      222.9      19.27      314.8      85.04      191.9      297.7      172.9      -1060      137.7      747.9      210.5     -20.72      182.9     -105.5
     -420.5      115.5      320.2        577       -151      84.02      241.4      3.135      591.9     -430.3     -138.6      92.99      295.1      -1512        417      374.3       62.7     -277.6      380.7     -925.5      713.2     -61.87      88.35      122.2     -189.9     -55.11     -107.8       -241      -1207        826      289.8     -315.3      174.6     -277.1        279      -1183     -80.16     0.7382      469.6      -7053     -110.3     -696.9      311.3      137.4     -132.8     -251.3      113.1     -206.3       -150      322.2     -170.7        391      144.4      25.34      307.8       -470      -87.2
      327.5      236.1     -60.12     -385.7        242     -26.71     -54.17      276.7      228.4     -89.43      142.9      116.8      766.4      375.5     -753.5     -103.6     -152.4      484.1     -451.4     -640.8      315.3     -293.3     -675.6      232.9     -118.7      250.9      81.44      154.3     -818.2     -96.08      53.06     -10.34      283.6     -655.9       -193      -3574      -2675      50.65      161.8     -110.3      -5883      214.4     -55.27      215.5       -290        616      98.28     -67.22     -277.3     -304.1      308.1        227      151.2      766.8      125.5      459.4      615.9
      5.675      357.4      39.94      989.1      821.3     -923.3      554.3     -109.2      214.2     -122.1      630.5     -404.8       -842     -135.4       1170     -293.1      292.1       1094      620.1      190.8      446.9      726.5     -729.9      497.9      236.1      183.3    -0.3517       1441       -234     -638.9      400.2     -121.4       -222      148.5      284.9      -3614      641.3     -147.3     -389.3     -696.9      214.4 -1.537e+04     -501.8     -669.3      926.1      377.9      324.4      302.5        813       -296      969.5      101.1      23.78       -906      155.7      -1073     -71.92
      124.5      204.7        478      13.19      150.3     -467.6     -251.8      77.76        313      236.5      97.08     -259.4       1172      490.5     -566.1      80.17     -360.9     -313.6       -222      813.4     -376.2      211.2      18.07     -269.8      318.5      154.1     -434.8       1466      729.9      24.29      793.1      226.7      330.8      750.1      133.6      422.3      933.3      172.2      303.6      311.3     -55.27     -501.8      -5447      406.5      152.5     -165.7      421.6      273.2      412.6      128.5     -113.7     -171.2      320.4     -109.8      404.7      16.14      168.2
      808.9      23.67      68.48       1134      44.72       -556     -220.1      287.9      275.9      315.1        126      175.8       -574     -186.4       1103      110.5      382.3      247.9      423.5      761.6      374.1     -330.8      57.33      388.2     -76.19      286.9      53.79      -3320     -127.8      789.1     -361.5      963.7      923.5     -10.37      133.7      456.2      -1255      310.6      222.9      137.4      215.5     -669.3      406.5      -5441      46.85     -251.6     -42.67     -259.5      107.1     -298.5       -580      247.5     -60.08      302.7     -148.8      491.3     -147.9
       1100      572.7      300.7       1022      495.1      -1180     -314.3     -758.4      686.2       1020      -1063       1195     -272.9      -4217       1498      733.7      559.8      -3691     -994.2      -7715      53.56     -335.3     -450.5       1017      -1088     -616.7      -1787       1066     -672.1       1565       1670     -272.9       1114       1015        249      -2658      688.4     -554.2      19.27     -132.8       -290      926.1      152.5      46.85 -3.958e+04     -532.9      665.8      461.2      -3150      512.1      -1485     -426.7       1097      -1063      398.7       1427     -222.9
      239.8      167.5      190.3      356.5        376     -404.8      72.89      59.04      440.4      97.69      282.1      7.424     -310.8     -373.8     -88.75      168.3      388.7      278.3      -1004       1105      850.9     -17.98      386.7     -170.9     -283.8      424.5     -156.3      -1513       -444     -652.4       -701      264.4     -282.5      632.1       -359       1300      9.657     -213.3      314.8     -251.3        616      377.9     -165.7     -251.6     -532.9      -7365     -305.8     -142.3      615.1     -110.9        747      393.2      235.9      97.33      69.69      466.7       -251
      135.2      114.5      170.4     -173.2      7.421     -660.6     -404.3       -324     -791.9      357.6      225.2      183.7      602.6      -1004      216.9      448.9     -73.27     -216.6      304.4      79.59      480.4     -79.46     -96.35        324     -94.75      221.3     -175.8      -3804        786      19.23      728.1      100.3        450      489.3        194       1246      487.2     -182.3      85.04      113.1      98.28      324.4      421.6     -42.67      665.8     -305.8      -5120      1.998      162.2      228.4      280.9      138.1      275.2     -281.6      266.9        459      10.76
      3.821      69.05      10.72     -192.3     -99.83     -15.26     -351.1      264.1      321.6       -134     -303.6        471      857.3        665      -1102     -339.7      273.2      312.1     -448.4      61.88      297.9      682.7      453.7      53.24     -41.18      217.9     -30.68       1035     -505.5      125.3      328.9      166.1        563        263      60.26      130.3      512.3     -169.7      191.9     -206.3     -67.22      302.5      273.2     -259.5      461.2     -142.3      1.998      -4335      84.81      217.5     -976.6     -32.75      302.2      569.9      55.01      155.7     -437.2
       1157      306.9      303.8       -755      129.6      938.4     -203.2        123     -422.7     -76.45     -906.1      659.8     -512.1     -532.2      470.3      516.3       1011      -1464     -16.86      -1199     -43.36      916.2     -890.3     -110.7     -336.8     -28.09      143.1       1543       1510      236.6       1362      601.4      765.7       1311     -64.47       1076      229.7      153.7      297.7       -150     -277.3        813      412.6      107.1      -3150      615.1      162.2      84.81  -1.46e+04     -457.5      -3489     -274.6     -507.1      545.5       -829        963     -68.05
      538.6      269.8     -64.67      30.71     -161.5      970.2      173.4      57.62        366      699.2     -43.76     -227.6        971     -245.5      -1974      128.3      422.5      74.81     -829.8      621.6      175.3      35.09     -108.7      684.9      115.1     -275.7     -377.4     -118.5     -296.6      488.9     -212.3      46.22      383.7        107      149.6       -322      481.5     -117.5      172.9      322.2     -304.1       -296      128.5     -298.5      512.1     -110.9      228.4      217.5     -457.5      -5867      -1056     -78.62        761      722.3      151.8        180      103.3
      564.5      797.7      661.8       -627      378.8       1221       -854      331.8     -223.9      297.5      245.7     -51.47      43.29      -4177      453.2      397.2        818      -1390      792.7      834.6        279      463.2     -34.04     -944.8        322      240.3     -253.6      124.7       1354      260.5      -1416     -165.5     -485.4      997.8       -261      963.9      830.5      684.6      -1060     -170.7      308.1      969.5     -113.7       -580      -1485        747      280.9     -976.6      -3489      -1056 -6.316e+04      -1800      860.8       1116      -2394     -138.6      123.6
     -322.4     -60.01      182.9     -138.6     -169.3      290.2     -597.3     -16.65     -119.7      1.663      171.4         65     -47.82        202      858.5      350.7        302      67.98      65.95      434.6     -390.5      253.6      158.2      134.6       -281     -87.36     -278.5     -767.4      748.2      394.2     -432.8      208.1      393.4        636     -21.68       1064      314.2      54.35      137.7        391        227      101.1     -171.2      247.5     -426.7      393.2      138.1     -32.75     -274.6     -78.62      -1800      -6141      830.5       1273        137     -150.4      554.7
        781      235.7     -356.3      925.1     -458.7      -1102      256.7     -369.6       1154     0.4443     -194.8        433      881.5       1511      -1214      17.87       1139       1557      424.7       1024      258.4      304.5      788.8       1239     -939.6      650.8     -483.6       1300        898       1423       1453     -676.2     -780.8      -1180      280.3       1483       1288      27.56      747.9      144.4      151.2      23.78      320.4     -60.08       1097      235.9      275.2      302.2     -507.1        761      860.8      830.5 -4.986e+04      -4043     -184.8       1139        383
      666.7      139.3      376.9      127.9      420.7       1851       1827      342.8     -455.5       -299      643.5      195.7      -5649       1582     -483.5      39.46      401.2      238.8      -1603      651.6     -780.2       1027      715.2      73.67      297.9     -532.8      245.5       1736      -3385       1894       1938     -179.8     -444.7      429.5       -117       1734       1371       37.6      210.5      25.34      766.8       -906     -109.8      302.7      -1063      97.33     -281.6      569.9      545.5      722.3       1116       1273      -4043 -2.601e+04     -68.21       -377      608.5
      175.7      170.2     -207.9      -1004     -119.6     -452.6     -977.2      121.2       41.8     -428.5     -40.58     -30.63      600.4      341.3      149.7        137      616.4      205.2     -407.6       1262      786.5      48.54        373      390.6      55.19     -264.8      776.5       1500      662.4      130.4      187.1      231.9      568.6     -133.2       -143       1304      796.2      212.1     -20.72      307.8      125.5      155.7      404.7     -148.8      398.7      69.69      266.9      55.01       -829      151.8      -2394        137     -184.8     -68.21      -7636      31.35     -123.2
     -313.2     -212.4      194.1      789.2     -39.97       1004       1024      275.8       1035      23.71      732.4      -1027     -431.9       1299       1128     -533.8     -573.6      467.5     -872.3     -383.9     -989.7      49.28       -184     -334.6      119.4       37.7     -36.21       1133      154.7      665.8     -18.89      -1513     -311.7     -418.6      570.9      -1609        546     -195.1      182.9       -470      459.4      -1073      16.14      491.3       1427      466.7        459      155.7        963        180     -138.6     -150.4       1139       -377      31.35 -1.569e+04      -1114
       -469     -117.3      129.9      700.1     -186.6      160.2      370.4      349.9     -146.4      300.6      567.6     -147.5      533.6      -4124       1345      536.7      691.6     -724.3      -18.8     -41.43      34.84      151.3     -606.5     -37.66       -586      382.4       -267      570.3     -728.8     -264.9        408      281.4     -191.6      718.4      301.7     -523.7      50.56      -1211     -105.5      -87.2      615.9     -71.92      168.2     -147.9     -222.9       -251      10.76     -437.2     -68.05      103.3      123.6      554.7        383      608.5     -123.2      -1114 -1.259e+04
