
 30

(((((t14: 0.133382, ((t19: 0.024790, t23: 0.036909): 0.036195, t20: 0.113605): 0.064569): 0.005194, t11: 0.167759): 0.030855, (t3: 0.047919, t18: 0.039883): 0.129145): 0.029426, (t29: 0.149341, (t25: 0.044589, t24: 0.032410): 0.129334): 0.023428): 0.205387, ((t22: 0.201448, (t9: 0.166849, (t28: 0.102236, t8: 0.078964): 0.048669): 0.084491): 0.071436, (t30: 0.120323, t15: 0.089026): 0.180953): 0.053309, (((t6: 0.082814, t17: 0.110923): 0.180637, ((t7: 0.082684, t4: 0.110669): 0.114439, (t16: 0.144659, (t1: 0.004432, t10: 0.002652): 0.121910): 0.121220): 0.018831): 0.056305, (t21: 0.248477, ((t5: 0.149129, (t2: 0.094961, t26: 0.121905): 0.050655): 0.090414, ((t13: 0.130659, t12: 0.152704): 0.061094, t27: 0.182859): 0.077188): 0.015992): 0.052733): 0.095835);

  0.205387  0.029426  0.030855  0.005194  0.133382  0.064569  0.036195  0.024790  0.036909  0.113605  0.167759  0.129145  0.047919  0.039883  0.023428  0.149341  0.129334  0.044589  0.032410  0.053309  0.071436  0.201448  0.084491  0.166849  0.048669  0.102236  0.078964  0.180953  0.120323  0.089026  0.095835  0.056305  0.180637  0.082814  0.110923  0.018831  0.114439  0.082684  0.110669  0.121220  0.144659  0.121910  0.004432  0.002652  0.052733  0.248477  0.015992  0.090414  0.149129  0.050655  0.094961  0.121905  0.077188  0.061094  0.130659  0.152704  0.182859

  0.000000  0.000000  0.000000  0.000000  0.000000  0.000000  0.000000  0.000000  0.000000  0.000000  0.000000  0.000000  0.000000  0.000000  0.000000  0.000000  0.000000  0.000000  0.000000  0.000000  0.000000  0.000000  0.000000  0.000000  0.000000  0.000000  0.000000  0.000000  0.000000  0.000000  0.000000  0.000000  0.000000  0.000000  0.000000  0.000000  0.000000  0.000000  0.000000  0.000000  0.000000  0.000000  0.000000  0.000000  0.000000  0.000000  0.000000  0.000000  0.000000  0.000000  0.000000  0.000000  0.000000  0.000000  0.000000  0.000000  0.000000


Hessian

      -2556     -106.8      134.4     -310.6     -373.7     -13.81      -33.7     -50.25        205      182.8      119.3      8.409      51.62     -172.5      61.51      136.1      185.5      300.3      453.1     -198.8     -184.8      99.64     -128.2     -18.47      270.6      160.6      208.3      35.54     -211.2      165.3      7.417      336.5      58.92        579      161.9     -38.82        320     -15.61      43.07     -212.9      167.3      98.87      783.5       1158      201.3      84.41      98.67      22.37      13.17      16.04      131.6      87.28      70.43      131.6       -154     -84.23     -28.41
     -106.8  -1.61e+04     -958.2      -1349        330      52.79     -152.5      604.1     -185.3      157.7     -407.6      230.3        355      566.3      -3080     -480.3     -458.7        756      732.5     -127.6     -167.6     -282.5      88.65     -94.41      548.1      178.7      163.6     -257.9     -27.53      375.5      381.9      403.8     -557.8      450.7      334.7     -272.5      368.4      1.233      479.4      17.01      350.6     -601.7      -4832      -6915     -254.6     -534.8      155.9      242.3      677.1      159.1     -6.372     -244.5      232.9      24.83      20.14     -42.07      629.7
      134.4     -958.2 -1.847e+04      -3311      307.8      37.07     -273.8      392.3      864.8      144.1      425.5     -42.84      619.4      897.8     -791.2      217.5     -104.2     -349.7      299.8     -432.1      265.3      138.6      663.1     -805.4      551.2        260      783.3     -56.15      448.5     -58.81      292.9      192.5     -32.73     -78.74      427.4      60.69     -82.43     -527.6      29.98       -124     -544.1      385.8       1152       1095     -124.9      63.17      436.4      456.4     -109.1      46.96     -481.7     -89.58     -150.7      169.8      513.8     -187.2       -401
     -310.6      -1349      -3311  -5.37e+04      -1836      -2868     -724.9      -1659      -1426     -285.5     -243.9      443.8       1187       1142      292.3        589      864.1      -1517      -3635      137.5     -67.66     -294.7     -443.4      564.4      843.3      75.57      782.5      461.3      158.8      35.44      75.71      380.7      293.4       -871      433.1      904.9     -790.6      99.06      390.3      493.6      872.9      406.3       1065       1284      766.8       -274      712.1        166     -522.3      704.2      510.7     -432.4      298.5     -127.9     -838.7     -14.52     -757.8
     -373.7        330      307.8      -1836      -5252      162.8     -6.386      302.4     -357.2      102.5     -94.32      -60.1      175.3      124.9      109.7      141.8     -201.5     -179.5      27.89      30.47     -137.5     -213.1     -313.7     -236.4     -28.22      99.57      63.03      133.4        356      257.8      249.7      696.9      274.4      190.7     -220.2      72.46     -79.98      458.8      371.1      245.8      242.4     -241.5        566       1661      413.8        370      314.2      -14.6      7.374     -86.68      637.9      519.5     -14.35      557.1     -433.7      151.8      34.74
     -13.81      52.79      37.07      -2868      162.8      -9970      -1066     -190.1     -161.2      237.9      7.732     -493.7      140.8     -234.2     -28.62      292.6      255.7     -933.3     -527.7       -441         41     -166.2      6.359       79.5      164.3      237.3      -84.2      23.14     -80.36      184.4      405.1      15.97      135.5      87.99      622.6     -826.5       -319      318.6      180.7      402.3     -254.2      -77.7       1638       1576        397     -443.8      297.6     -371.6      100.2     -163.3      403.3      186.7     -252.6     -442.3       37.7     -159.3      341.4
      -33.7     -152.5     -273.8     -724.9     -6.386      -1066 -1.841e+04      804.8      529.4     -515.9      327.8     -66.55      733.7        419      331.2       -529     -551.3      456.9        579     -160.3      383.7        208      65.53       -192      369.8     -552.5        121      15.52      364.6      191.3      -1081      649.4     -83.85      121.8      457.9     -455.9     -65.23     -321.2      96.21      528.1        419      615.1      502.1       1633      471.4      31.97      588.4      431.6      293.7      571.8        578     -724.2     -324.3      -1260     -356.4      163.9      890.5
     -50.25      604.1      392.3      -1659      302.4     -190.1      804.8 -3.027e+04      -3342       -175      964.6     -308.9      699.7     -897.2      26.77      678.9      640.4      -1172      -1238      -1129      256.7     -35.37      754.8      418.2      685.4     -324.8     -23.61     -267.7     -174.7      61.42      289.6      535.2      61.64     -54.88      315.5      407.6      455.7      123.9     -38.03        718      217.1     -1.382       2049       1950      535.3      60.01     -882.9      292.9     -125.7      439.3     -14.63      479.4     -213.5      534.9     -379.8      318.2      -60.2
        205     -185.3      864.8      -1426     -357.2     -161.2      529.4      -3342  -2.23e+04     -52.94      232.3      384.1      657.7      682.9      -1348      201.7      235.8     -336.7      115.2      464.6      211.7      53.95     -27.71      630.1      80.74     -166.9        662      63.99     -158.6        356      555.6     -900.3      529.5     -181.7      546.4      -1611     -762.6     -744.4     -274.4      309.2     -106.8     -105.8       1874       1763      290.4      143.9      15.41      646.1      673.5      509.6      259.8     -53.52      457.2      884.6      355.3     -562.4     -198.1
      182.8      157.7      144.1     -285.5      102.5      237.9     -515.9       -175     -52.94      -6211      15.38      93.08      472.5      263.1      258.6      104.2      224.7     -227.3     -587.2     -144.1      243.3      125.7      465.9      135.5     -34.39      83.31     -409.1      120.2      -10.7     -27.56      46.67      216.8     -26.26     -130.1        232      219.8        231      26.57        215     -46.98      94.47       95.1      60.62      -1114      423.2     -108.1     -239.8      360.1      250.6      234.6     -378.9      56.82      150.2     -10.03       30.1      55.28      65.95
      119.3     -407.6      425.5     -243.9     -94.32      7.732      327.8      964.6      232.3      15.38      -4102      421.3      154.2      230.8      221.8     -34.66     -220.5      414.8      245.5      87.19      124.6      340.6     -49.71      76.74      115.7      42.94      -43.9     -181.8      243.1     -54.92      32.04      326.1     -76.81      507.4      110.2      226.3     -93.44     -171.2      213.1      127.7      6.997      54.93      990.1       -182      87.11      65.98     -72.18     -79.85      66.13        353     -376.4      190.3     -13.37      32.74       -133      72.66      232.4
      8.409      230.3     -42.84      443.8      -60.1     -493.7     -66.55     -308.9      384.1      93.08      421.3      -5025      46.26     -221.7     -102.7      267.7      175.6      534.3      335.5       -324        268      51.99     -105.4     -10.23     -53.41      -78.2      402.6      193.5     -305.7      53.43      140.8      307.3      187.1      273.3         94     -102.5      110.7      128.9      425.1     -242.2     -184.5      42.57      960.1      94.95      83.87     -118.6      203.3     -20.57       -233      364.3     -64.38     -107.9      138.8     -85.07      -80.8      47.99      38.28
      51.62        355      619.4       1187      175.3      140.8      733.7      699.7      657.7      472.5      154.2      46.26 -1.577e+04      -2940      36.46     -92.82     -519.6      -1272      -1119     -160.6        412      340.3      400.8     -86.66      441.9     -165.9     -467.4      544.6     -359.9     -178.6        454      7.392      197.2     -925.3     -979.3      809.8      597.5     -770.5     -244.6       -101      337.6      499.1      -3014      -1812        606      373.8     -339.1     -304.7     -144.6     -298.3      497.6     -147.7      221.1      323.4      328.2      428.2      684.9
     -172.5      566.3      897.8       1142      124.9     -234.2        419     -897.2      682.9      263.1      230.8     -221.7      -2940 -1.787e+04     -342.3      221.9     -506.1      222.8      -1281     -887.5      275.6      54.55      609.1     -132.6      312.3      329.5      640.4      249.4     -49.79      118.4      121.4      767.6     -54.59      400.2      348.3      570.9        644      -9.53     -308.5      384.6     -131.1      237.9      176.8      -4837      829.9      471.4      905.5      222.9      46.79     -551.5      211.6     -106.1     -705.1     -737.3     -2.592      140.5      549.6
      61.51      -3080     -791.2      292.3      109.7     -28.62      331.2      26.77      -1348      258.6      221.8     -102.7      36.46     -342.3  -1.63e+04     -535.5     -643.6      105.8      309.2      11.43     -4.747     -124.4      695.4     -5.756      376.7     -225.7     -153.3     -170.2      225.8      153.7      391.9      440.4     -406.7     -124.6       -540      425.1      189.4     -23.37      371.3      96.71     -50.09     -291.4      -1202      143.1      684.6        238     -35.44      -41.7      614.8     -120.7     -13.37     -487.6      102.6     -158.5     -478.9      28.86      158.7
      136.1     -480.3      217.5        589      141.8      292.6       -529      678.9      201.7      104.2     -34.66      267.7     -92.82      221.9     -535.5      -4162      102.1      293.4      11.28       -187      310.2      196.3      28.15      10.58      279.9      72.03     -224.7      54.12      257.1      150.4        129      75.69     -7.187      103.5      37.07      271.7      33.85     -256.1      143.6      207.4      279.9      454.5     -478.5     -326.4     -471.9      -15.2     -367.9     -329.9      186.2      151.2       6.83       -150     -55.31        244     -61.24      91.48     -66.99
      185.5     -458.7     -104.2      864.1     -201.5      255.7     -551.3      640.4      235.8      224.7     -220.5      175.6     -519.6     -506.1     -643.6      102.1      -4916      352.3      20.72      1.763        166     -6.342      241.5     -265.2      454.5      60.43      290.1      213.5        143      133.3     -70.31      26.82     -113.7     -119.3      171.4     -445.3     -36.65      96.46     -14.48      20.63      176.3     -89.49     -473.7       1575      199.7      42.08      23.07     -277.5      3.736     -439.1      408.3      198.9     -37.25     -154.9      146.4      45.85        155
      300.3        756     -349.7      -1517     -179.5     -933.3      456.9      -1172     -336.7     -227.3      414.8      534.3      -1272      222.8      105.8      293.4      352.3 -1.716e+04      -4264     -553.8      241.2      344.8      161.4      70.87     -53.41      37.75      335.8     -261.3      309.7      382.2      211.4     -402.9     -23.55     -659.5      476.6      244.7      17.78      581.3      47.76      423.3     -16.42      552.2      -2062       1699     -80.62      229.1      -1033     -8.293      217.4      621.4      411.1     -55.86       -333     -348.7      447.5      229.5     -58.64
      453.1      732.5      299.8      -3635      27.89     -527.7        579      -1238      115.2     -587.2      245.5      335.5      -1119      -1281      309.2      11.28      20.72      -4264 -2.163e+04      226.6      931.1      323.5      167.9      236.6     -479.7     -613.8      399.7      62.02      411.4     -50.16      383.1      -82.3      168.9     -259.8      234.9     -101.9        176     -394.3     -222.2      518.6     -604.3      379.3       1321       2041      417.7        275     -908.4      569.1      199.7      721.7      53.03      319.8     -443.8     -50.06      570.7      327.2     -177.9
     -198.8     -127.6     -432.1      137.5      30.47       -441     -160.3      -1129      464.6     -144.1      87.19       -324     -160.6     -887.5      11.43       -187      1.763     -553.8      226.6      -7203     -968.6      261.5      252.4     -181.3      517.7      115.2      107.2     -90.93     -68.78      89.59       -640      348.1       81.5      414.5       12.8      495.2      510.5       -186      136.4      168.4     -43.09      340.5      308.9      -2429      486.7     -255.7      270.1    -0.1022     -218.6        378      192.2     -88.52        486      -26.3     -26.67      176.2      170.6
     -184.8     -167.6      265.3     -67.66     -137.5         41      383.7      256.7      211.7      243.3      124.6        268        412      275.6     -4.747      310.2        166      241.2      931.1     -968.6      -6239       58.4     -377.3      108.4      110.8      94.38      420.9     -193.9      229.7      194.5      33.51      194.8      310.8      518.7     -284.1      481.5      351.1      98.29     -275.8      23.04      4.707      242.1      -1959        434      312.5     -237.2      598.7      258.4     -187.4     -181.2      529.2     -488.7        173      116.4      441.3     -17.41      95.41
      99.64     -282.5      138.6     -294.7     -213.1     -166.2        208     -35.37      53.95      125.7      340.6      51.99      340.3      54.55     -124.4      196.3     -6.342      344.8      323.5      261.5       58.4      -3003     -144.7      198.5     -151.9      271.6      39.72     -102.2      163.1        308      277.8        309      48.15      37.06        240     -88.52     -60.67      358.5      157.6      60.74      212.9     -206.5     -529.5      -1565      359.1        179      149.5      34.71     -121.8     -101.8      236.8      62.71      107.3      25.73      244.6      120.3      165.5
     -128.2      88.65      663.1     -443.4     -313.7      6.359      65.53      754.8     -27.71      465.9     -49.71     -105.4      400.8      609.1      695.4      28.15      241.5      161.4      167.9      252.4     -377.3     -144.7      -6200      31.15     -655.8      124.4     -53.73     -91.28        188      107.9      169.3      230.6      448.1     -18.26     -190.9      153.6     -116.7       11.5      490.5        161      160.8     -5.266      -2729       9.65      182.1      257.6      274.8      37.38      154.7     -126.1      198.3      343.5      17.24      429.7      149.6        -46      50.81
     -18.47     -94.41     -805.4      564.4     -236.4       79.5       -192      418.2      630.1      135.5      76.74     -10.23     -86.66     -132.6     -5.756      10.58     -265.2      70.87      236.6     -181.3      108.4      198.5      31.15      -3640     -617.8      7.509        121      65.05      292.8      156.6      16.92      26.63     -37.97        113     -82.64      335.1      291.7     -97.53      363.1     -154.7     -77.57      49.49      -1053     -274.5      147.2      99.27      555.2      125.8     -255.6     -343.9      98.71      208.4      27.05      109.9     -207.3      55.73      55.51
      270.6      548.1      551.2      843.3     -28.22      164.3      369.8      685.4      80.74     -34.39      115.7     -53.41      441.9      312.3      376.7      279.9      454.5     -53.41     -479.7      517.7      110.8     -151.9     -655.8     -617.8 -1.095e+04     -223.9     -150.3      198.2     -36.49     -298.9      266.4      355.9     -61.84      189.4      247.8      523.4      166.2     -380.9      403.6      167.2      173.7      259.1      155.2       20.6     -302.6      61.61      41.59      243.1     -37.07      51.48      54.24      279.9      128.7      472.7      391.7      101.9      562.7
      160.6      178.7        260      75.57      99.57      237.3     -552.5     -324.8     -166.9      83.31      42.94      -78.2     -165.9      329.5     -225.7      72.03      60.43      37.75     -613.8      115.2      94.38      271.6      124.4      7.509     -223.9      -6896     -675.2     -39.49      7.571     -294.4     -469.3      369.1     -37.92       -129      344.7      602.8        523      156.2      407.2        467      334.6      15.12      779.8      -1355        293     -55.05     -39.13     -35.98      164.5      678.7      460.9      42.66      -37.6     -71.21      314.7      215.2      185.4
      208.3      163.6      783.3      782.5      63.03      -84.2        121     -23.61        662     -409.1      -43.9      402.6     -467.4      640.4     -153.3     -224.7      290.1      335.8      399.7      107.2      420.9      39.72     -53.73        121     -150.3     -675.2      -8599      316.3      175.2      53.74     -201.4     -73.21     -327.3        -31     -44.96     -163.2      235.4     -107.3      99.56     -0.536      331.1     -113.5       -392       1324      -1027     -349.4      505.3     -221.6      216.5      382.2      544.4      184.3      585.5      552.1      812.8      861.7     -125.6
      35.54     -257.9     -56.15      461.3      133.4      23.14      15.52     -267.7      63.99      120.2     -181.8      193.5      544.6      249.4     -170.2      54.12      213.5     -261.3      62.02     -90.93     -193.9     -102.2     -91.28      65.05      198.2     -39.49      316.3      -3055      170.3      116.7       72.8     -157.8      73.66      34.96      6.485      182.1     -3.133      133.3       92.1      13.61      25.33        305      823.5        507      168.8      165.3      389.7     -44.79        265      390.1      120.6      196.7      320.4      273.8      37.65      18.87      176.5
     -211.2     -27.53      448.5      158.8        356     -80.36      364.6     -174.7     -158.6      -10.7      243.1     -305.7     -359.9     -49.79      225.8      257.1        143      309.7      411.4     -68.78      229.7      163.1        188      292.8     -36.49      7.571      175.2      170.3      -5122     -829.8     -274.8     -291.3      52.44      552.4     -53.45      424.5      205.3      220.8      30.93        125      43.09       30.1       1184     -865.7      21.26       99.5     -91.36      69.18     -183.4     -95.78     -258.1     -415.5      195.8      180.9      103.8     -67.54      65.42
      165.3      375.5     -58.81      35.44      257.8      184.4      191.3      61.42        356     -27.56     -54.92      53.43     -178.6      118.4      153.7      150.4      133.3      382.2     -50.16      89.59      194.5        308      107.9      156.6     -298.9     -294.4      53.74      116.7     -829.8      -6688     -36.28     -121.1     -7.914     -251.1     -190.8      169.8     -409.6      245.8     -317.2      268.9      242.8     -86.57     -734.5      843.8      250.7     -150.7      503.9     -65.43     -87.78     -320.6     -364.5     -76.79      261.2      489.4      263.6     -4.303      380.3
      7.417      381.9      292.9      75.71      249.7      405.1      -1081      289.6      555.6      46.67      32.04      140.8        454      121.4      391.9        129     -70.31      211.4      383.1       -640      33.51      277.8      169.3      16.92      266.4     -469.3     -201.4       72.8     -274.8     -36.28      -4917     -261.8      6.058     -64.67     -155.6      32.53      303.9        117      227.5     -34.68      144.5      73.75      -1128      361.9       -372     -90.19      45.48     -14.98     -96.76      48.79      365.5        123      42.42     -128.5      198.6      75.25      192.4
      336.5      403.8      192.5      380.7      696.9      15.97      649.4      535.2     -900.3      216.8      326.1      307.3      7.392      767.6      440.4      75.69      26.82     -402.9      -82.3      348.1      194.8        309      230.6      26.63      355.9      369.1     -73.21     -157.8     -291.3     -121.1     -261.8      -8698      93.33     -382.7     -200.8      -1005      13.38    -0.4088     -469.6      -91.7     -401.1      321.2     -220.1      285.2     -785.2      148.2     -422.1     -170.5     -18.41     -148.4      194.1     -2.628      345.3     -284.3        512      227.1     -119.9
      58.92     -557.8     -32.73      293.4      274.4      135.5     -83.85      61.64      529.5     -26.26     -76.81      187.1      197.2     -54.59     -406.7     -7.187     -113.7     -23.55      168.9       81.5      310.8      48.15      448.1     -37.97     -61.84     -37.92     -327.3      73.66      52.44     -7.914      6.058      93.33      -3065      125.4      226.6     -104.7     0.8036      259.7      25.99     -1.203      75.08     -53.97      -1284      -1049     -208.7      71.51      114.4      197.3        350      425.9      225.5      134.8      303.4      189.2      36.04      336.3     -144.9
        579      450.7     -78.74       -871      190.7      87.99      121.8     -54.88     -181.7     -130.1      507.4      273.3     -925.3      400.2     -124.6      103.5     -119.3     -659.5     -259.8      414.5      518.7      37.06     -18.26        113      189.4       -129        -31      34.96      552.4     -251.1     -64.67     -382.7      125.4      -7571     -985.7     -19.98     -100.8      302.4       -331        266       20.5      219.5     -236.2       1264      306.3      160.2      355.5      338.1      515.5     -710.5     -277.7      213.1      26.41      222.6      129.8     -179.7     -103.8
      161.9      334.7      427.4      433.1     -220.2      622.6      457.9      315.5      546.4        232      110.2         94     -979.3      348.3       -540      37.07      171.4      476.6      234.9       12.8     -284.1        240     -190.9     -82.64      247.8      344.7     -44.96      6.485     -53.45     -190.8     -155.6     -200.8      226.6     -985.7      -5910     -40.41      325.5     -48.41      404.9       -313      158.6      165.9      -2675       1180      249.3      130.3      105.8      425.4     -371.2     -317.3      559.6      316.5      123.5      111.2      55.03     -125.9      248.8
     -38.82     -272.5      60.69      904.9      72.46     -826.5     -455.9      407.6      -1611      219.8      226.3     -102.5      809.8      570.9      425.1      271.7     -445.3      244.7     -101.9      495.2      481.5     -88.52      153.6      335.1      523.4      602.8     -163.2      182.1      424.5      169.8      32.53      -1005     -104.7     -19.98     -40.41 -1.683e+04      -1141      147.8      124.2     -597.5     -585.6     -114.7      -2054     -190.7     -198.7     -169.9     -245.9      482.2      75.29        517      364.2     -125.3     -79.52      248.3     -119.3      340.7      217.9
        320      368.4     -82.43     -790.6     -79.98       -319     -65.23      455.7     -762.6        231     -93.44      110.7      597.5        644      189.4      33.85     -36.65      17.78        176      510.5      351.1     -60.67     -116.7      291.7      166.2        523      235.4     -3.133      205.3     -409.6      303.9      13.38     0.8036     -100.8      325.5      -1141      -5021     -13.21      29.77      51.06     -12.26     -146.8      -1139       1107      3.414     -77.72     -193.1      120.6      198.9      197.6     -11.25       3.48        215      183.5      117.7       45.2      264.6
     -15.61      1.233     -527.6      99.06      458.8      318.6     -321.2      123.9     -744.4      26.57     -171.2      128.9     -770.5      -9.53     -23.37     -256.1      96.46      581.3     -394.3       -186      98.29      358.5       11.5     -97.53     -380.9      156.2     -107.3      133.3      220.8      245.8        117    -0.4088      259.7      302.4     -48.41      147.8     -13.21      -7919       -894      39.41      200.9     -25.46       1209      714.3      58.72      72.77      737.8      234.3      167.8      491.5      1.518      115.1        106    -0.5288      435.3      360.6     -99.19
      43.07      479.4      29.98      390.3      371.1      180.7      96.21     -38.03     -274.4        215      213.1      425.1     -244.6     -308.5      371.3      143.6     -14.48      47.76     -222.2      136.4     -275.8      157.6      490.5      363.1      403.6      407.2      99.56       92.1      30.93     -317.2      227.5     -469.6      25.99       -331      404.9      124.2      29.77       -894      -6189      -21.1      207.4      159.9     -281.5     -138.2     -249.9      208.9     -631.3      387.9      -77.9     -10.37      127.1        164       -119     -251.8      383.6      510.9      41.87
     -212.9      17.01       -124      493.6      245.8      402.3      528.1        718      309.2     -46.98      127.7     -242.2       -101      384.6      96.71      207.4      20.63      423.3      518.6      168.4      23.04      60.74        161     -154.7      167.2        467     -0.536      13.61        125      268.9     -34.68      -91.7     -1.203        266       -313     -597.5      51.06      39.41      -21.1      -4362     -124.8     -322.3       1012      756.4      1.828      187.4     -160.5      257.4      4.584      19.31     -18.79      74.25      105.5      305.4      236.3      184.1     -120.7
      167.3      350.6     -544.1      872.9      242.4     -254.2        419      217.1     -106.8      94.47      6.997     -184.5      337.6     -131.1     -50.09      279.9      176.3     -16.42     -604.3     -43.09      4.707      212.9      160.8     -77.57      173.7      334.6      331.1      25.33      43.09      242.8      144.5     -401.1      75.08       20.5      158.6     -585.6     -12.26      200.9      207.4     -124.8      -3960     -492.1       1186      -1519      16.84      85.28      173.4        279      59.05      42.28      207.5      211.3     -212.8     -202.7      27.52      103.5      66.32
      98.87     -601.7      385.8      406.3     -241.5      -77.7      615.1     -1.382     -105.8       95.1      54.93      42.57      499.1      237.9     -291.4      454.5     -89.49      552.2      379.3      340.5      242.1     -206.5     -5.266      49.49      259.1      15.12     -113.5        305       30.1     -86.57      73.75      321.2     -53.97      219.5      165.9     -114.7     -146.8     -25.46      159.9     -322.3     -492.1      -4631       1342      102.2     -132.7      115.2      156.6        171     -96.02     -355.5      311.3      324.3      426.4      229.1     -246.1     -236.1      -56.7
      783.5      -4832       1152       1065        566       1638      502.1       2049       1874      60.62      990.1      960.1      -3014      176.8      -1202     -478.5     -473.7      -2062       1321      308.9      -1959     -529.5      -2729      -1053      155.2      779.8       -392      823.5       1184     -734.5      -1128     -220.1      -1284     -236.2      -2675      -2054      -1139       1209     -281.5       1012       1186       1342     -2e+05 -3.981e+04      396.4      740.7       1663      371.2       1152      -7019      -27.6     -168.4       1443       1481       1597       1352      413.8
       1158      -6915       1095       1284       1661       1576       1633       1950       1763      -1114       -182      94.95      -1812      -4837      143.1     -326.4       1575       1699       2041      -2429        434      -1565       9.65     -274.5       20.6      -1355       1324        507     -865.7      843.8      361.9      285.2      -1049       1264       1180     -190.7       1107      714.3     -138.2      756.4      -1519      102.2 -3.981e+04 -3.117e+05      -1478      971.4       1141      -2093       1318      674.5      -2262       1441       1023     -427.5      726.3       -962      884.8
      201.3     -254.6     -124.9      766.8      413.8        397      471.4      535.3      290.4      423.2      87.11      83.87        606      829.9      684.6     -471.9      199.7     -80.62      417.7      486.7      312.5      359.1      182.1      147.2     -302.6        293      -1027      168.8      21.26      250.7       -372     -785.2     -208.7      306.3      249.3     -198.7      3.414      58.72     -249.9      1.828      16.84     -132.7      396.4      -1478      -8783     -105.8      -2665     -561.7      453.2      459.1      497.1     -335.2     -191.8      193.7        357      143.8     -132.5
      84.41     -534.8      63.17       -274        370     -443.8      31.97      60.01      143.9     -108.1      65.98     -118.6      373.8      471.4        238      -15.2      42.08      229.1        275     -255.7     -237.2        179      257.6      99.27      61.61     -55.05     -349.4      165.3       99.5     -150.7     -90.19      148.2      71.51      160.2      130.3     -169.9     -77.72      72.77      208.9      187.4      85.28      115.2      740.7      971.4     -105.8      -2318     -435.8     -278.3      15.73      56.19     -8.571       -129      295.4     -100.5      238.3      85.89      23.15
      98.67      155.9      436.4      712.1      314.2      297.6      588.4     -882.9      15.41     -239.8     -72.18      203.3     -339.1      905.5     -35.44     -367.9      23.07      -1033     -908.4      270.1      598.7      149.5      274.8      555.2      41.59     -39.13      505.3      389.7     -91.36      503.9      45.48     -422.1      114.4      355.5      105.8     -245.9     -193.1      737.8     -631.3     -160.5      173.4      156.6       1663       1141      -2665     -435.8 -1.814e+04     -738.2       -287      160.3      687.7      95.79     -849.5      207.4      744.2      560.8     -25.75
      22.37      242.3      456.4        166      -14.6     -371.6      431.6      292.9      646.1      360.1     -79.85     -20.57     -304.7      222.9      -41.7     -329.9     -277.5     -8.293      569.1    -0.1022      258.4      34.71      37.38      125.8      243.1     -35.98     -221.6     -44.79      69.18     -65.43     -14.98     -170.5      197.3      338.1      425.4      482.2      120.6      234.3      387.9      257.4        279        171      371.2      -2093     -561.7     -278.3     -738.2      -6579      107.6     -345.1      387.6      79.11     -35.14     -280.8      294.6     -116.5      22.56
      13.17      677.1     -109.1     -522.3      7.374      100.2      293.7     -125.7      673.5      250.6      66.13       -233     -144.6      46.79      614.8      186.2      3.736      217.4      199.7     -218.6     -187.4     -121.8      154.7     -255.6     -37.07      164.5      216.5        265     -183.4     -87.78     -96.76     -18.41        350      515.5     -371.2      75.29      198.9      167.8      -77.9      4.584      59.05     -96.02       1152       1318      453.2      15.73       -287      107.6      -4395     -643.1      395.2      9.298      142.7     -114.8     -249.3      7.451      316.3
      16.04      159.1      46.96      704.2     -86.68     -163.3      571.8      439.3      509.6      234.6        353      364.3     -298.3     -551.5     -120.7      151.2     -439.1      621.4      721.7        378     -181.2     -101.8     -126.1     -343.9      51.48      678.7      382.2      390.1     -95.78     -320.6      48.79     -148.4      425.9     -710.5     -317.3        517      197.6      491.5     -10.37      19.31      42.28     -355.5      -7019      674.5      459.1      56.19      160.3     -345.1     -643.1 -1.023e+04     -261.3     -174.1     -135.1      184.1     -22.88     -43.32      193.5
      131.6     -6.372     -481.7      510.7      637.9      403.3        578     -14.63      259.8     -378.9     -376.4     -64.38      497.6      211.6     -13.37       6.83      408.3      411.1      53.03      192.2      529.2      236.8      198.3      98.71      54.24      460.9      544.4      120.6     -258.1     -364.5      365.5      194.1      225.5     -277.7      559.6      364.2     -11.25      1.518      127.1     -18.79      207.5      311.3      -27.6      -2262      497.1     -8.571      687.7      387.6      395.2     -261.3      -7211       -357      4.767      219.3      188.7       -115      24.04
      87.28     -244.5     -89.58     -432.4      519.5      186.7     -724.2      479.4     -53.52      56.82      190.3     -107.9     -147.7     -106.1     -487.6       -150      198.9     -55.86      319.8     -88.52     -488.7      62.71      343.5      208.4      279.9      42.66      184.3      196.7     -415.5     -76.79        123     -2.628      134.8      213.1      316.5     -125.3       3.48      115.1        164      74.25      211.3      324.3     -168.4       1441     -335.2       -129      95.79      79.11      9.298     -174.1       -357      -5500     -439.3      126.5        167      217.6      57.06
      70.43      232.9     -150.7      298.5     -14.35     -252.6     -324.3     -213.5      457.2      150.2     -13.37      138.8      221.1     -705.1      102.6     -55.31     -37.25       -333     -443.8        486        173      107.3      17.24      27.05      128.7      -37.6      585.5      320.4      195.8      261.2      42.42      345.3      303.4      26.41      123.5     -79.52        215        106       -119      105.5     -212.8      426.4       1443       1023     -191.8      295.4     -849.5     -35.14      142.7     -135.1      4.767     -439.3      -6812     -488.8      200.7      106.5      18.39
      131.6      24.83      169.8     -127.9      557.1     -442.3      -1260      534.9      884.6     -10.03      32.74     -85.07      323.4     -737.3     -158.5        244     -154.9     -348.7     -50.06      -26.3      116.4      25.73      429.7      109.9      472.7     -71.21      552.1      273.8      180.9      489.4     -128.5     -284.3      189.2      222.6      111.2      248.3      183.5    -0.5288     -251.8      305.4     -202.7      229.1       1481     -427.5      193.7     -100.5      207.4     -280.8     -114.8      184.1      219.3      126.5     -488.8      -8029     -492.3     -448.9     -284.1
       -154      20.14      513.8     -838.7     -433.7       37.7     -356.4     -379.8      355.3       30.1       -133      -80.8      328.2     -2.592     -478.9     -61.24      146.4      447.5      570.7     -26.67      441.3      244.6      149.6     -207.3      391.7      314.7      812.8      37.65      103.8      263.6      198.6        512      36.04      129.8      55.03     -119.3      117.7      435.3      383.6      236.3      27.52     -246.1       1597      726.3        357      238.3      744.2      294.6     -249.3     -22.88      188.7        167      200.7     -492.3      -4979     -358.7      191.1
     -84.23     -42.07     -187.2     -14.52      151.8     -159.3      163.9      318.2     -562.4      55.28      72.66      47.99      428.2      140.5      28.86      91.48      45.85      229.5      327.2      176.2     -17.41      120.3        -46      55.73      101.9      215.2      861.7      18.87     -67.54     -4.303      75.25      227.1      336.3     -179.7     -125.9      340.7       45.2      360.6      510.9      184.1      103.5     -236.1       1352       -962      143.8      85.89      560.8     -116.5      7.451     -43.32       -115      217.6      106.5     -448.9     -358.7      -4128      39.78
     -28.41      629.7       -401     -757.8      34.74      341.4      890.5      -60.2     -198.1      65.95      232.4      38.28      684.9      549.6      158.7     -66.99        155     -58.64     -177.9      170.6      95.41      165.5      50.81      55.51      562.7      185.4     -125.6      176.5      65.42      380.3      192.4     -119.9     -144.9     -103.8      248.8      217.9      264.6     -99.19      41.87     -120.7      66.32      -56.7      413.8      884.8     -132.5      23.15     -25.75      22.56      316.3      193.5      24.04      57.06      18.39     -284.1      191.1      39.78      -3482
