
 30

((t17: 0.166823, t19: 0.207606): 0.017236, ((t20: 0.024839, t22: 0.040926): 0.127135, t29: 0.157404): 0.027633, ((t18: 0.140861, t27: 0.077024): 0.081968, ((((((t1: 0.027059, t11: 0.018597): 0.069342, t30: 0.059895): 0.071683, (t3: 0.059123, t13: 0.055867): 0.054735): 0.070545, ((((t21: 0.021343, t6: 0.031367): 0.001160, t5: 0.021615): 0.081626, (t12: 0.055131, t8: 0.040719): 0.057676): 0.028891, t15: 0.130377): 0.083535): 0.010835, (((t28: 0.108871, t14: 0.097746): 0.059766, t2: 0.119308): 0.005176, (t10: 0.121252, t24: 0.124364): 0.039962): 0.004414): 0.006483, ((t4: 0.117647, t25: 0.141750): 0.073537, (t23: 0.111230, ((t9: 0.015767, t26: 0.032578): 0.107952, (t7: 0.047096, t16: 0.060054): 0.080012): 0.006689): 0.041189): 0.015430): 0.011528): 0.026075);

  0.017236  0.166823  0.207606  0.027633  0.127135  0.024839  0.040926  0.157404  0.026075  0.081968  0.140861  0.077024  0.011528  0.006483  0.010835  0.070545  0.071683  0.069342  0.027059  0.018597  0.059895  0.054735  0.059123  0.055867  0.083535  0.028891  0.081626  0.001160  0.021343  0.031367  0.021615  0.057676  0.055131  0.040719  0.130377  0.004414  0.005176  0.059766  0.108871  0.097746  0.119308  0.039962  0.121252  0.124364  0.015430  0.073537  0.117647  0.141750  0.041189  0.111230  0.006689  0.107952  0.015767  0.032578  0.080012  0.047096  0.060054

  0.000000  0.000000  0.000000  0.000000  0.000000  0.000000  0.000000  0.000000  0.000000  0.000000  0.000000  0.000000  0.000000  0.000000  0.000000  0.000000  0.000000  0.000000  0.000000  0.000000  0.000000  0.000000  0.000000  0.000000  0.000000  0.000000  0.000000  0.000000  0.000000  0.000000  0.000000  0.000000  0.000000  0.000000  0.000000  0.000000  0.000000  0.000000  0.000000  0.000000  0.000000  0.000000  0.000000  0.000000  0.000000  0.000000  0.000000  0.000000  0.000000  0.000000  0.000000  0.000000  0.000000  0.000000  0.000000  0.000000  0.000000


Hessian

 -2.215e+04      -1820      -1359     -522.1       -789      -2094      -1758     -450.8      -3543       -560     -326.4      -1189      -1739      143.8     -18.41      -1449     -961.6      -1161     -132.3      -3207      -1633      -1784      84.03      -1263     -885.9     -737.6     -580.8      -4990     -709.5     -640.9     -538.9      -2518       -495      -3276     -644.2     -274.6     -581.3      -1603     -832.7      -1574     -599.4      -1115     -833.5      146.3     -108.5     -897.4       -813     -802.4      233.4     -409.2     -558.6      -1206      75.66     -548.2      -1050      -1328      -2124
      -1820      -4733     -312.9     -672.2     -575.5       -292     -361.1     -420.9      -1431     -315.1     -471.2      -1031       -340      411.3     -28.32     -296.6      -1050       -933      430.5     -967.2     -625.8      -1126      33.13     -844.7     -310.9      -1190     -539.1      -1214      -1098     -442.8      53.64     -935.6       -903       -883     -595.3      -1065      -1462     -957.8     -466.1     -565.4     -496.1     -381.7     -479.5     -611.1     -441.4     -610.6     -517.5     -590.4     -504.5     -489.8       33.9     -773.2     -262.4     -689.7     -615.8      -1139     -887.8
      -1359     -312.9      -3720     -215.4     -579.5     -608.3     -362.9       -707     -727.3     -815.5     -493.7     -751.7     -814.9     -784.4      -1111     -599.2     -548.6     -660.5     -534.8     -103.6     -521.3     -478.7     -281.9     -618.9     -490.7     -877.5     -632.4      -3913     -300.2     -454.6      -1509     -577.3     -417.1     -404.5     -413.1      418.2      82.25     -467.9     -638.7     -242.4     -826.8       -647     -90.97     -558.6     -738.2     -494.2     -415.3     -557.3       -504       -785     -136.7     -476.7      -1059     -362.3      -1052       -580       -573
     -522.1     -672.2     -215.4 -2.051e+04      -1742     -230.2     -593.3      -1419      -2913      -1269      -1047     -842.1     -931.9      416.2      -2242     -780.8       -834     -561.9      -1757     -964.5      -1580      154.2      427.5      50.73     -397.6      -1578     -561.2      626.8     -180.4      -4104      826.6     -757.7     -848.9     -45.02     -891.9      -1393      -1729      -1196     -804.9     -320.3      -1449      309.2     -990.3        550      150.1     -680.2      -1058      -1032      -1949     -873.1      -2406      -1107      326.3     -794.5      -2386       92.6     -230.8
       -789     -575.5     -579.5      -1742      -6240     -165.1      174.5     -434.9      -1062     -809.7     -910.4     -848.1       -351      441.1      -2105     -395.1     -579.3     -456.5      -1062     -645.8     -665.2      -1387     -241.1       -208     -596.8     -741.7     -918.3     -26.83     -506.1     -418.4      -1585     -259.8     -966.5      -1065       -751     -599.7     -809.5     -958.5     -243.4     -934.9       -492      189.1     -557.3     -650.5     -630.2     -383.5     -679.9     -773.3       -651     -978.6       -405     -927.2      -1181     -480.2       -939     -887.7     -990.1
      -2094       -292     -608.3     -230.2     -165.1 -3.262e+04      -3724     -420.3      -2089       -233     -921.5      -1483     -46.47      357.2      545.4      -1156      -2116      -1644       1031     -546.2     -273.2      -1007       -420      271.2     -358.7      -1601     -837.3      623.1      -1289      -2068      -2022     -384.6     -271.7      376.8      -1546     -323.9      288.3     -349.8     -587.3     -840.1     -975.3      -2088      -1250      -1299      -2436      -1315      -1662     -683.4        243        203        620     -587.2      -1698      961.2      -1618      158.1       -734
      -1758     -361.1     -362.9     -593.3      174.5      -3724 -2.141e+04     -389.7     -142.1     -651.9      -1070     -698.6     -950.7      -1098     -701.9     -807.2      -1444      -1827      259.4      440.8     -62.36     -537.4     -751.9     -519.1      -1056      -1546     -769.7      689.4     -373.1      -1740      -1043       -517      -1180     -196.4     -32.27      -1993      166.7      221.8      -1190     -558.3     -877.7      38.38      -1017     -804.7      -1388     -779.8      -1085      -1116     -995.8     -597.2      -3002      -1367     -431.4      960.2      -1919        191     -321.9
     -450.8     -420.9       -707      -1419     -434.9     -420.3     -389.7      -5059      -1183       -438     -376.9     -548.6     -628.1      -1569      -1323     -287.9     -978.2     -520.5     -925.7      158.6     -306.6       -209     -698.4      -1331     -564.3     -392.9     -571.9      539.8     -504.8      48.39      243.4     -246.7     -988.5       -482     -466.9      -1143      112.3      -1168     -182.4       -699       -433     -983.3       -542     -316.1      -1961     -673.9      -1036     -351.6     -646.1     -695.9       -456     -658.5      -1102     -503.6     -647.4     -540.1     -502.9
      -3543      -1431     -727.3      -2913      -1062      -2089     -142.1      -1183 -2.387e+04      346.4     -97.36     -368.9      -3108      -1526      17.31     -384.2      -2086      -3029     -869.2     -585.1      -1524     -551.1     -559.8      -1619      -1013     -473.2     -627.9     -401.2     -508.8      -2720      -1445      130.1      -2541     -694.7      -1768      8.659     -25.85     -579.2     -806.3       -351     -740.5     -934.9       -502     -723.7     -745.2     -666.2      -2016       -570      -1596     -678.6      -2168      -1228      596.9      -1455      -1407      127.4      -1160
       -560     -315.1     -815.5      -1269     -809.7       -233     -651.9       -438      346.4      -9489     -460.2     -888.3      -2054      53.16     -903.9     -292.3     -938.9       -500     -912.1      218.8     -639.1      -1131     -939.4     -475.4     -494.3     -749.2     -102.7      -9969      -2651      13.43     -908.5      -1471     -764.9     -601.1     -784.3      -4404     -544.6     -661.2     -202.7      -1174     -878.8     -733.5     -396.4     -242.4        132     -675.8     -312.7     -876.3     -973.1     -23.73     -688.8     -755.1     -397.4      -1194      -1355     -734.4     -473.1
     -326.4     -471.2     -493.7      -1047     -910.4     -921.5      -1070     -376.9     -97.36     -460.2      -5789     -546.5     -56.13      229.1      -1755     -187.5     -729.3     -730.5      -1440      -2111     -330.8     -747.1     -707.4     -965.8     -898.9     -813.5     -920.6      872.8     -331.1      331.1     -327.6     -616.4     -786.6     -422.9     -236.6      270.6      94.34     -91.34     -161.6     -893.5     -646.6     -10.16     -536.7       -507      -2312     -419.9     -457.3     -976.5      -1720       -811     -798.7     -508.5     -778.3       -152     -880.2      39.48     -156.1
      -1189      -1031     -751.7     -842.1     -848.1      -1483     -698.6     -548.6     -368.9     -888.3     -546.5 -1.022e+04     -410.4      -1458      -1064     -446.3      -1280       -336      491.6     -580.5     -805.1      -80.1     -536.3     -582.7     -342.7      -1953      -1192      817.2     -858.1      -2029       -814      -1150     -112.3      -1285     -648.6      105.3      390.4      -1598     -705.2     -642.7       -753      -1274      -1142       -551      129.3     -931.2     -655.3     -192.8     -186.9      -1188      -1602       -791     -169.5     -641.1     -949.7      -1995      -1042
      -1739       -340     -814.9     -931.9       -351     -46.47     -950.7     -628.1      -3108      -2054     -56.13     -410.4 -5.118e+04 -1.161e+04     -226.3      -1805     -263.5      -1909      -1304      -1591      -1783      801.3     -529.9      535.7     -337.2      207.2      264.6        333      704.7      627.1      -1720      443.2      -1366      -1403      -1450     -245.9     -209.3      355.2     -294.4     -642.6      343.1      -2835      712.2      -1212      -1014      -1230     -231.9      289.8     -901.4      359.2     -744.7     -812.4      683.9      -7130     -166.9      -2721      18.63
      143.8      411.3     -784.4      416.2      441.1      357.2      -1098      -1569      -1526      53.16      229.1      -1458 -1.161e+04 -8.887e+04     -97.87     -950.7     -15.64      -1092       1001      447.8      308.3      663.9      -3451     -233.7      -2612       -186      -2109      255.8       -617     -547.3      -3249     -688.7     -309.3      -3354       -992      -7984      -1430     -827.2     -257.7      -2478       -639     -814.1     -283.3     -910.9      -6097      -1103      -1891      21.19      -1389      -1313      -5614     -555.8      897.7      665.1     -354.5      587.9      -5830
     -18.41     -28.32      -1111      -2242      -2105      545.4     -701.9      -1323      17.31     -903.9      -1755      -1064     -226.3     -97.87 -4.934e+04      -2516      -1852     -544.5      -4866      479.4      -1425      -2013      -1929     -571.7      -2486      -1177      -3336      -8198      179.7      860.5      640.9      -2736     -803.7      -4219    -0.4677      12.08       -236      -1069     -910.4     -972.7      -2228      199.2      -1522      63.12      318.7      -1725      -1120      -2092      -1463      -2837      -1451     -192.1      -1838      -2139      -1249     -319.7      277.5
      -1449     -296.6     -599.2     -780.8     -395.1      -1156     -807.2     -287.9     -384.2     -292.3     -187.5     -446.3      -1805     -950.7      -2516 -1.088e+04     -900.7     -575.4     -599.6     -84.48      -1029      -1548     -70.05     -406.8      19.45     -796.8     -586.4      464.6     -207.3       -866      -2308     -107.1     -921.3      -1273     -780.1      -2614     -556.6     -78.08     -421.2     -381.9     -726.4      -1134     -481.2     -475.4     -413.8     -628.6     -160.7      -1001     -189.4     -532.1     -532.7     -359.2     -484.4     -924.8     -695.8      -1577     -187.2
     -961.6      -1050     -548.6       -834     -579.3      -2116      -1444     -978.2      -2086     -938.9     -729.3      -1280     -263.5     -15.64      -1852     -900.7 -1.045e+04     -635.6     -970.9      -1746     -853.6      -1589     -747.8      -1273     -388.2       -259     -617.5     -845.7      -1761      -1568      -1062     -450.9      -2348      -1185     -760.2      -4211      -2308     -748.3     -506.3     -771.9      -1018     -388.6      -1234     -355.6     -630.6     -513.7     -964.6     -473.5      223.7       -416     -212.5     -550.8      308.8     -676.4     -395.9      -1638     -105.7
      -1161       -933     -660.5     -561.9     -456.5      -1644      -1827     -520.5      -3029       -500     -730.5       -336      -1909      -1092     -544.5     -575.4     -635.6 -1.224e+04     -537.7     -984.8      -1166       -597      -1100      -1045     -354.9      -1482     -902.1      -4695     -552.6     -178.5      -1369      -1030      -1033     -243.2     -887.7      -1435     -142.2     -624.2     -933.5      -1170     -425.9      213.9      -1253     -596.5      -5117     -696.9      -1139       -521      -2443     -854.2      -3351     -813.6      897.1     -771.8     -789.2       -467      -1758
     -132.3      430.5     -534.8      -1757      -1062       1031      259.4     -925.7     -869.2     -912.1      -1440      491.6      -1304       1001      -4866     -599.6     -970.9     -537.7 -3.318e+04      -5154      -1166     -522.3      -1845     -143.2      -1204        729      911.9      479.6       1074      837.3     -375.3     -340.2      -2661      292.1      -1072      644.3     -285.2     -559.4      620.1     -388.1      -1318     -283.7     -936.3     -239.8      -1692      -1931     -401.3      -1069     -939.5      -1788      162.4     -678.9     -455.7      -2427      -1532      -1790     -611.7
      -3207     -967.2     -103.6     -964.5     -645.8     -546.2      440.8      158.6     -585.1      218.8      -2111     -580.5      -1591      447.8      479.4     -84.48      -1746     -984.8      -5154  -4.65e+04     -754.7      37.89      587.1     -722.1      147.1      -1919      -1474      693.3      947.5     -315.7      -1834      -2132     -591.9     -794.4      254.8      877.9     -37.75     -343.5     -589.3      -1866      -1527       -465      224.6      41.03      -9711      526.3     -686.9     -507.4      -1931     -154.1      16.37     -454.1      246.2     -457.3      384.9      -1410      -1079
      -1633     -625.8     -521.3      -1580     -665.2     -273.2     -62.36     -306.6      -1524     -639.1     -330.8     -805.1      -1783      308.3      -1425      -1029     -853.6      -1166      -1166     -754.7 -1.376e+04     -743.3      133.2      -1449       -508     -659.3      -1149      586.1      140.1     -698.6     -921.1     -694.5      -1165     -826.9     -667.9      591.7      -3183       -232     -568.1         40     -497.9     -319.6      -1201     -216.8       -836      100.6     -238.6     -399.7     -875.3     -574.6     -568.6      -1192     -419.8      -1830     -51.91      -2005     -733.1
      -1784      -1126     -478.7      154.2      -1387      -1007     -537.4       -209     -551.1      -1131     -747.1      -80.1      801.3      663.9      -2013      -1548      -1589       -597     -522.3      37.89     -743.3 -1.377e+04     -320.3     -562.7     -723.5     -768.1      -1355      -8103        273     -207.8      -1434      258.5      -2178      -2414     -542.1      -3770      361.9     -737.4     -690.7      -1091      -1334     -178.9     -563.7      -1201      -2043      -1047     -985.9     -25.34      135.8     -895.4     -805.1       -707     -292.1      132.9      -1062     -961.7     -882.4
      84.03      33.13     -281.9      427.5     -241.1       -420     -751.9     -698.4     -559.8     -939.4     -707.4     -536.3     -529.9      -3451      -1929     -70.05     -747.8      -1100      -1845      587.1      133.2     -320.3 -1.427e+04      -1463      -1380     -322.8     -940.1     -455.2      -1082      959.2      -1320     -703.4     -360.4     -589.9       -601      -3197      -1607     -752.2     -822.8     -644.7      -1500      -1660     -661.2     -486.1      -1697     -415.3     -840.7     -185.7      -1845     -897.1     -711.1     -517.6      298.4     -188.8     -428.6      -1132      -1501
      -1263     -844.7     -618.9      50.73       -208      271.2     -519.1      -1331      -1619     -475.4     -965.8     -582.7      535.7     -233.7     -571.7     -406.8      -1273      -1045     -143.2     -722.1      -1449     -562.7      -1463 -1.513e+04       -401     -578.4     -882.8       1068      -1158      395.4      32.16     -873.5      -2266      -1289     -329.2      -1211      -3497     -641.7     -600.5     -710.3     -634.5       -283      -1037     -295.8     -88.54      -1142     -506.6     -788.5      -1088     -104.4      -3254     -680.7      699.7      -1066     -511.5      -1355     -795.5
     -885.9     -310.9     -490.7     -397.6     -596.8     -358.7      -1056     -564.3      -1013     -494.3     -898.9     -342.7     -337.2      -2612      -2486      19.45     -388.2     -354.9      -1204      147.1       -508     -723.5      -1380       -401      -9332      -1107     -910.2      -6327      -1180      474.3      -1127     -779.4      90.36     -524.4     -329.5       -569      43.18     -806.3     -785.3     -990.2       -938     -559.1     -391.4     -821.8      -2233      -1095     -738.6       -715      -1233     -621.6     -682.6      -1080      -1696     -407.9     -804.9     -741.8      -1635
     -737.6      -1190     -877.5      -1578     -741.7      -1601      -1546     -392.9     -473.2     -749.2     -813.5      -1953      207.2       -186      -1177     -796.8       -259      -1482        729      -1919     -659.3     -768.1     -322.8     -578.4      -1107 -2.223e+04      -1653      -7479      -1361     -366.6      -1119      -1804      142.3     -843.2     -901.5     -12.86     -411.9      -1205     -564.9      -1051     -813.2     -624.9     -754.8     -623.9      -2091     -584.7     -797.9       -618      -1058      -1327     -789.1      -1097        215      -2061      -1662      -1111     -607.7
     -580.8     -539.1     -632.4     -561.2     -918.3     -837.3     -769.7     -571.9     -627.9     -102.7     -920.6      -1192      264.6      -2109      -3336     -586.4     -617.5     -902.1      911.9      -1474      -1149      -1355     -940.1     -882.8     -910.2      -1653 -1.027e+04      -1800     -912.6       -104      474.4      -1059     -36.62     -810.7     -456.3     -434.9      397.2     -597.9     -513.7      -1084     -901.4      -1023      -1222     -693.9      -3619      -1011      -1027     -872.2     -788.9      -1339      -1818      -1209      -1218     -762.3     -132.1      -1155      -1302
      -4990      -1214      -3913      626.8     -26.83      623.1      689.4      539.8     -401.2      -9969      872.8      817.2        333      255.8      -8198      464.6     -845.7      -4695      479.6      693.3      586.1      -8103     -455.2       1068      -6327      -7479      -1800 -4.243e+05      -3527      -2032 -1.927e+04      -1383      463.2      866.3      -1382      233.1      451.5     -738.2      609.3      -2459      -1866      568.7      601.4      -3979     -495.9      -4281      -4359      348.1      585.4      -2147      -1203      -2837      579.1        677      505.4      12.62     -424.7
     -709.5      -1098     -300.2     -180.4     -506.1      -1289     -373.1     -504.8     -508.8      -2651     -331.1     -858.1      704.7       -617      179.7     -207.3      -1761     -552.6       1074      947.5      140.1        273      -1082      -1158      -1180      -1361     -912.6      -3527 -4.553e+04     -75.41      152.6      846.8      -1895      -2150     -513.7 -1.767e+04      -5882      -1838     -637.3      -2082      -1620     -783.8      43.41     -722.6      -2190      -1379      127.6      -1423      791.9      -1211      506.2     -109.5      438.9      -4555     -316.2     -902.3      -1664
     -640.9     -442.8     -454.6      -4104     -418.4      -2068      -1740      48.39      -2720      13.43      331.1      -2029      627.1     -547.3      860.5       -866      -1568     -178.5      837.3     -315.7     -698.6     -207.8      959.2      395.4      474.3     -366.6       -104      -2032     -75.41 -3.142e+04      -2593       -481     -367.4      465.5     -540.8     -310.4      833.4     -390.5        245      120.6     -874.8      -1325     -465.2      382.1      428.7      -1401     -569.5     -455.6     -566.4     -112.9     -980.3     -282.9      960.7       1081     -654.7     -103.7      -1047
     -538.9      53.64      -1509      826.6      -1585      -2022      -1043      243.4      -1445     -908.5     -327.6       -814      -1720      -3249      640.9      -2308      -1062      -1369     -375.3      -1834     -921.1      -1434      -1320      32.16      -1127      -1119      474.4 -1.927e+04      152.6      -2593 -4.421e+04     -975.1      -1541     -353.5     -648.8      -3628      97.58     -750.3     -823.5     -467.8     -876.8     -388.8      -12.4      -1083      455.9      -1795      176.3     -434.9      533.8      -1077      -3471      -1157      862.9      989.3     -871.4      -1160     -435.3
      -2518     -935.6     -577.3     -757.7     -259.8     -384.6       -517     -246.7      130.1      -1471     -616.4      -1150      443.2     -688.7      -2736     -107.1     -450.9      -1030     -340.2      -2132     -694.5      258.5     -703.4     -873.5     -779.4      -1804      -1059      -1383      846.8       -481     -975.1 -1.373e+04     -192.4       -834     -317.8     -990.4     -848.2     -561.2     -975.2      -1071     -710.9     -925.4     -466.3      399.3      -1274     -558.1     -614.5     -488.8     -186.3     -671.7      -1301       -482      -1273      -1197     -555.5      -2804       -435
       -495       -903     -417.1     -848.9     -966.5     -271.7      -1180     -988.5      -2541     -764.9     -786.6     -112.3      -1366     -309.3     -803.7     -921.3      -2348      -1033      -2661     -591.9      -1165      -2178     -360.4      -2266      90.36      142.3     -36.62      463.2      -1895     -367.4      -1541     -192.4 -1.613e+04      -1611     -940.7      -3297     -557.2     -466.4      -1158     -725.5     -648.5      -1408     -486.2      154.2     -176.9      -1344     -379.3     -317.7     -204.9     -526.1      -2253     -515.7      -1632      -1435     -493.1      -1599      -1274
      -3276       -883     -404.5     -45.02      -1065      376.8     -196.4       -482     -694.7     -601.1     -422.9      -1285      -1403      -3354      -4219      -1273      -1185     -243.2      292.1     -794.4     -826.9      -2414     -589.9      -1289     -524.4     -843.2     -810.7      866.3      -2150      465.5     -353.5       -834      -1611 -2.131e+04     -28.45      -4524      -4351     -763.5       -217      -1079      -1463     -596.9        155     -714.4     -85.17     -212.8     -329.7     -489.8      627.2       -735      266.8      -96.6      -2492     -313.3      -1127      -1399     -39.08
     -644.2     -595.3     -413.1     -891.9       -751      -1546     -32.27     -466.9      -1768     -784.3     -236.6     -648.6      -1450       -992    -0.4677     -780.1     -760.2     -887.7      -1072      254.8     -667.9     -542.1       -601     -329.2     -329.5     -901.5     -456.3      -1382     -513.7     -540.8     -648.8     -317.8     -940.7     -28.45      -6332     -27.02      -2155     -878.8     -437.2     -538.4      -1036     -525.2     -558.1     -600.8     -743.8      -1359     -516.3     -673.2     -961.4     -626.5      -1149     -792.6     -357.6     -952.4      -1124     -299.3       -601
     -274.6      -1065      418.2      -1393     -599.7     -323.9      -1993      -1143      8.659      -4404      270.6      105.3     -245.9      -7984      12.08      -2614      -4211      -1435      644.3      877.9      591.7      -3770      -3197      -1211       -569     -12.86     -434.9      233.1 -1.767e+04     -310.4      -3628     -990.4      -3297      -4524     -27.02 -1.333e+05      -4089      -3931     -649.7      -2560      -4659      -3729     -318.4      2.438      -2602      406.2      406.5      -1166      76.02      -1660      20.11      83.92      824.4      777.3      433.5      -3663      -1872
     -581.3      -1462      82.25      -1729     -809.5      288.3      166.7      112.3     -25.85     -544.6      94.34      390.4     -209.3      -1430       -236     -556.6      -2308     -142.2     -285.2     -37.75      -3183      361.9      -1607      -3497      43.18     -411.9      397.2      451.5      -5882      833.4      97.58     -848.2     -557.2      -4351      -2155      -4089  -9.27e+04      -4725       -339       -572      -3197      206.1      470.2      -1963     -45.32      -1199     -165.1    -0.9738     -490.2      -45.5      121.2     -592.4      842.3        693     -59.23     -162.1     -466.3
      -1603     -957.8     -467.9      -1196     -958.5     -349.8      221.8      -1168     -579.2     -661.2     -91.34      -1598      355.2     -827.2      -1069     -78.08     -748.3     -624.2     -559.4     -343.5       -232     -737.4     -752.2     -641.7     -806.3      -1205     -597.9     -738.2      -1838     -390.5     -750.3     -561.2     -466.4     -763.5     -878.8      -3931      -4725 -1.312e+04     -654.4     -481.1     -602.3       -929     -521.4     -244.1      -1958      -1012     -949.1     -844.9     -686.8     -999.1      132.4     -708.5     -374.7     -971.9     -658.7       -997      -2188
     -832.7     -466.1     -638.7     -804.9     -243.4     -587.3      -1190     -182.4     -806.3     -202.7     -161.6     -705.2     -294.4     -257.7     -910.4     -421.2     -506.3     -933.5      620.1     -589.3     -568.1     -690.7     -822.8     -600.5     -785.3     -564.9     -513.7      609.3     -637.3        245     -823.5     -975.2      -1158       -217     -437.2     -649.7       -339     -654.4      -7702     -31.65     -506.7      -1140     -286.3     -353.1     -891.5     -334.6     -517.1     -408.1     -256.9     -466.9      -1823     -484.5      297.2     -561.5     -787.1     -584.7     -742.6
      -1574     -565.4     -242.4     -320.3     -934.9     -840.1     -558.3       -699       -351      -1174     -893.5     -642.7     -642.6      -2478     -972.7     -381.9     -771.9      -1170     -388.1      -1866         40      -1091     -644.7     -710.3     -990.2      -1051      -1084      -2459      -2082      120.6     -467.8      -1071     -725.5      -1079     -538.4      -2560       -572     -481.1     -31.65      -8648     -894.3      -1439     -420.3       -603      -1340      -1174     -593.7       -955      -1030     -519.2      -1447     -354.5       -494      -1042     -495.1      -1423     -932.1
     -599.4     -496.1     -826.8      -1449       -492     -975.3     -877.7       -433     -740.5     -878.8     -646.6       -753      343.1       -639      -2228     -726.4      -1018     -425.9      -1318      -1527     -497.9      -1334      -1500     -634.5       -938     -813.2     -901.4      -1866      -1620     -874.8     -876.8     -710.9     -648.5      -1463      -1036      -4659      -3197     -602.3     -506.7     -894.3      -7290     -565.6     -883.1     -449.8      -1596     -144.6     -698.3       -823      -1175      -1191      -1046     -564.9     -788.1     -189.9       -913       -486     -254.4
      -1115     -381.7       -647      309.2      189.1      -2088      38.38     -983.3     -934.9     -733.5     -10.16      -1274      -2835     -814.1      199.2      -1134     -388.6      213.9     -283.7       -465     -319.6     -178.9      -1660       -283     -559.1     -624.9      -1023      568.7     -783.8      -1325     -388.8     -925.4      -1408     -596.9     -525.2      -3729      206.1       -929      -1140      -1439     -565.6 -1.816e+04     -891.8      -1027     -146.1     -488.5     -413.6     -469.6     -40.56      -1137      345.2     -774.4     -656.6      -2077     -774.1      -2083     -913.7
     -833.5     -479.5     -90.97     -990.3     -557.3      -1250      -1017       -542       -502     -396.4     -536.7      -1142      712.2     -283.3      -1522     -481.2      -1234      -1253     -936.3      224.6      -1201     -563.7     -661.2      -1037     -391.4     -754.8      -1222      601.4      43.41     -465.2      -12.4     -466.3     -486.2        155     -558.1     -318.4      470.2     -521.4     -286.3     -420.3     -883.1     -891.8      -6900     -63.92     -897.7      -1026     -258.5     -326.2     -316.3     -600.6      -1390     -867.2     -158.1     -978.9     -340.9     -869.1     -494.8
      146.3     -611.1     -558.6        550     -650.5      -1299     -804.7     -316.1     -723.7     -242.4       -507       -551      -1212     -910.9      63.12     -475.4     -355.6     -596.5     -239.8      41.03     -216.8      -1201     -486.1     -295.8     -821.8     -623.9     -693.9      -3979     -722.6      382.1      -1083      399.3      154.2     -714.4     -600.8      2.438      -1963     -244.1     -353.1       -603     -449.8      -1027     -63.92      -6722      -1079      -1055     -702.7     -925.7     -617.3      -1034      -1771     -377.3     -724.6     -414.1     -980.4       -232       -899
     -108.5     -441.4     -738.2      150.1     -630.2      -2436      -1388      -1961     -745.2        132      -2312      129.3      -1014      -6097      318.7     -413.8     -630.6      -5117      -1692      -9711       -836      -2043      -1697     -88.54      -2233      -2091      -3619     -495.9      -2190      428.7      455.9      -1274     -176.9     -85.17     -743.8      -2602     -45.32      -1958     -891.5      -1340      -1596     -146.1     -897.7      -1079 -4.444e+04      -1211     -222.3     -325.4      -3408     -564.8      -2293      -1683      561.7      -2785     -590.4      448.3      -1601
     -897.4     -610.6     -494.2     -680.2     -383.5      -1315     -779.8     -673.9     -666.2     -675.8     -419.9     -931.2      -1230      -1103      -1725     -628.6     -513.7     -696.9      -1931      526.3      100.6      -1047     -415.3      -1142      -1095     -584.7      -1011      -4281      -1379      -1401      -1795     -558.1      -1344     -212.8      -1359      406.2      -1199      -1012     -334.6      -1174     -144.6     -488.5      -1026      -1055      -1211      -9672     -849.3     -710.7     -139.2      -1004      82.76     -337.7     -668.5     -761.6      -1006     -529.7      -1120
       -813     -517.5     -415.3      -1058     -679.9      -1662      -1085      -1036      -2016     -312.7     -457.3     -655.3     -231.9      -1891      -1120     -160.7     -964.6      -1139     -401.3     -686.9     -238.6     -985.9     -840.7     -506.6     -738.6     -797.9      -1027      -4359      127.6     -569.5      176.3     -614.5     -379.3     -329.7     -516.3      406.5     -165.1     -949.1     -517.1     -593.7     -698.3     -413.6     -258.5     -702.7     -222.3     -849.3      -6708     -545.8     -632.7     -562.8     -598.6     -600.3     -271.3      -1315     -556.7     -355.2     -829.7
     -802.4     -590.4     -557.3      -1032     -773.3     -683.4      -1116     -351.6       -570     -876.3     -976.5     -192.8      289.8      21.19      -2092      -1001     -473.5       -521      -1069     -507.4     -399.7     -25.34     -185.7     -788.5       -715       -618     -872.2      348.1      -1423     -455.6     -434.9     -488.8     -317.7     -489.8     -673.2      -1166    -0.9738     -844.9     -408.1       -955       -823     -469.6     -326.2     -925.7     -325.4     -710.7     -545.8      -5705     -670.1     -500.2      -2463     -698.3     -316.9     -260.3     -737.6     -612.4      -1345
      233.4     -504.5       -504      -1949       -651        243     -995.8     -646.1      -1596     -973.1      -1720     -186.9     -901.4      -1389      -1463     -189.4      223.7      -2443     -939.5      -1931     -875.3      135.8      -1845      -1088      -1233      -1058     -788.9      585.4      791.9     -566.4      533.8     -186.3     -204.9      627.2     -961.4      76.02     -490.2     -686.8     -256.9      -1030      -1175     -40.56     -316.3     -617.3      -3408     -139.2     -632.7     -670.1 -1.762e+04      -1316      -4235     -986.6      -1369     -337.3      -1799      204.6      -1142
     -409.2     -489.8       -785     -873.1     -978.6        203     -597.2     -695.9     -678.6     -23.73       -811      -1188      359.2      -1313      -2837     -532.1       -416     -854.2      -1788     -154.1     -574.6     -895.4     -897.1     -104.4     -621.6      -1327      -1339      -2147      -1211     -112.9      -1077     -671.7     -526.1       -735     -626.5      -1660      -45.5     -999.1     -466.9     -519.2      -1191      -1137     -600.6      -1034     -564.8      -1004     -562.8     -500.2      -1316      -7396      -2108     -850.6      149.5     -235.2     -746.4       -695     -799.4
     -558.6       33.9     -136.7      -2406       -405        620      -3002       -456      -2168     -688.8     -798.7      -1602     -744.7      -5614      -1451     -532.7     -212.5      -3351      162.4      16.37     -568.6     -805.1     -711.1      -3254     -682.6     -789.1      -1818      -1203      506.2     -980.3      -3471      -1301      -2253      266.8      -1149      20.11      121.2      132.4      -1823      -1447      -1046      345.2      -1390      -1771      -2293      82.76     -598.6      -2463      -4235      -2108 -5.384e+04      -2118      188.9      286.2      -2710      -1571     -651.1
      -1206     -773.2     -476.7      -1107     -927.2     -587.2      -1367     -658.5      -1228     -755.1     -508.5       -791     -812.4     -555.8     -192.1     -359.2     -550.8     -813.6     -678.9     -454.1      -1192       -707     -517.6     -680.7      -1080      -1097      -1209      -2837     -109.5     -282.9      -1157       -482     -515.7      -96.6     -792.6      83.92     -592.4     -708.5     -484.5     -354.5     -564.9     -774.4     -867.2     -377.3      -1683     -337.7     -600.3     -698.3     -986.6     -850.6      -2118      -7698      418.1      560.4     -609.1      -1071     -227.6
      75.66     -262.4      -1059      326.3      -1181      -1698     -431.4      -1102      596.9     -397.4     -778.3     -169.5      683.9      897.7      -1838     -484.4      308.8      897.1     -455.7      246.2     -419.8     -292.1      298.4      699.7      -1696        215      -1218      579.1      438.9      960.7      862.9      -1273      -1632      -2492     -357.6      824.4      842.3     -374.7      297.2       -494     -788.1     -656.6     -158.1     -724.6      561.7     -668.5     -271.3     -316.9      -1369      149.5      188.9      418.1 -5.516e+04      -3370      -1294      168.9     -448.7
     -548.2     -689.7     -362.3     -794.5     -480.2      961.2      960.2     -503.6      -1455      -1194       -152     -641.1      -7130      665.1      -2139     -924.8     -676.4     -771.8      -2427     -457.3      -1830      132.9     -188.8      -1066     -407.9      -2061     -762.3        677      -4555       1081      989.3      -1197      -1435     -313.3     -952.4      777.3        693     -971.9     -561.5      -1042     -189.9      -2077     -978.9     -414.1      -2785     -761.6      -1315     -260.3     -337.3     -235.2      286.2      560.4      -3370 -2.849e+04      -1154      -1514     -257.2
      -1050     -615.8      -1052      -2386       -939      -1618      -1919     -647.4      -1407      -1355     -880.2     -949.7     -166.9     -354.5      -1249     -695.8     -395.9     -789.2      -1532      384.9     -51.91      -1062     -428.6     -511.5     -804.9      -1662     -132.1      505.4     -316.2     -654.7     -871.4     -555.5     -493.1      -1127      -1124      433.5     -59.23     -658.7     -787.1     -495.1       -913     -774.1     -340.9     -980.4     -590.4      -1006     -556.7     -737.6      -1799     -746.4      -2710     -609.1      -1294      -1154      -9869       -742      -1014
      -1328      -1139       -580       92.6     -887.7      158.1        191     -540.1      127.4     -734.4      39.48      -1995      -2721      587.9     -319.7      -1577      -1638       -467      -1790      -1410      -2005     -961.7      -1132      -1355     -741.8      -1111      -1155      12.62     -902.3     -103.7      -1160      -2804      -1599      -1399     -299.3      -3663     -162.1       -997     -584.7      -1423       -486      -2083     -869.1       -232      448.3     -529.7     -355.2     -612.4      204.6       -695      -1571      -1071      168.9      -1514       -742 -1.824e+04      -1622
      -2124     -887.8       -573     -230.8     -990.1       -734     -321.9     -502.9      -1160     -473.1     -156.1      -1042      18.63      -5830      277.5     -187.2     -105.7      -1758     -611.7      -1079     -733.1     -882.4      -1501     -795.5      -1635     -607.7      -1302     -424.7      -1664      -1047     -435.3       -435      -1274     -39.08       -601      -1872     -466.3      -2188     -742.6     -932.1     -254.4     -913.7     -494.8       -899      -1601      -1120     -829.7      -1345      -1142     -799.4     -651.1     -227.6     -448.7     -257.2      -1014      -1622 -1.468e+04
