6
a          0.0000000 2.7007650 8.9999982 8.9999985 8.9999987 8.9290574 
b          2.7007650 0.0000000 9.0000000 9.0000000 8.9999982 8.9999983 
c          8.9999982 9.0000000 0.0000000 8.9999989 8.9999985 8.9999990 
d          8.9999985 9.0000000 8.9999989 0.0000000 8.4796325 6.8394317 
e          8.9999987 8.9999982 8.9999985 8.4796325 0.0000000 7.6275358 
f          8.9290574 8.9999983 8.9999990 6.8394317 7.6275358 0.0000000 
