
 30

(((((t22: 0.154721, t11: 0.111139): 0.022226, (t6: 0.035365, t18: 0.043323): 0.100231): 0.040401, (((t9: 0.094980, t29: 0.082496): 0.113718, t7: 0.182168): 0.010040, (t28: 0.044883, t3: 0.047968): 0.126954): 0.012292): 0.096700, t2: 0.220167): 0.082811, t23: 0.240404, (((t13: 0.162341, (t24: 0.193142, ((t17: 0.196671, (t8: 0.089302, t16: 0.124527): 0.039533): 0.083681, t26: 0.187219): 0.025269): 0.022404): 0.064433, (t14: 0.094244, t1: 0.088554): 0.217865): 0.089305, (((t19: 0.186904, ((t10: 0.063543, t4: 0.041656): 0.116057, t20: 0.156786): 0.067726): 0.090701, ((t21: 0.131048, t12: 0.100872): 0.071852, t5: 0.277569): 0.112220): 0.109277, ((t30: 0.068197, t25: 0.069909): 0.152738, (t27: 0.205126, t15: 0.133137): 0.082787): 0.104626): 0.031248): 0.268259);

  0.082811  0.096700  0.040401  0.022226  0.154721  0.111139  0.100231  0.035365  0.043323  0.012292  0.010040  0.113718  0.094980  0.082496  0.182168  0.126954  0.044883  0.047968  0.220167  0.240404  0.268259  0.089305  0.064433  0.162341  0.022404  0.193142  0.025269  0.083681  0.196671  0.039533  0.089302  0.124527  0.187219  0.217865  0.094244  0.088554  0.031248  0.109277  0.090701  0.186904  0.067726  0.116057  0.063543  0.041656  0.156786  0.112220  0.071852  0.131048  0.100872  0.277569  0.104626  0.152738  0.068197  0.069909  0.082787  0.205126  0.133137

  0.000000  0.000000  0.000000  0.000000  0.000000  0.000000  0.000000  0.000000  0.000000  0.000000  0.000000  0.000000  0.000000  0.000000  0.000000  0.000000  0.000000  0.000000  0.000000  0.000000  0.000000  0.000000  0.000000  0.000000  0.000000  0.000000  0.000000  0.000000  0.000000  0.000000  0.000000  0.000000  0.000000  0.000000  0.000000  0.000000  0.000000  0.000000  0.000000  0.000000  0.000000  0.000000  0.000000  0.000000  0.000000  0.000000  0.000000  0.000000  0.000000  0.000000  0.000000  0.000000  0.000000  0.000000  0.000000  0.000000  0.000000


Hessian

      -5542     -777.4     -131.1     -417.2     -621.6     -759.5     -846.4     -283.9     -414.9     -614.1     -582.9     -621.7     -900.1     -472.3     -267.8     -499.5     -139.5      153.8     -283.9     -716.5     -341.6     -487.1       -125       -538      -1011     -482.1     -222.7     -412.9     -522.4     -811.2     -402.9     -431.2     -454.6     -413.4     -590.4     -528.4     -290.6     -215.4     -466.2     -325.6     -288.7     -568.6     -697.5      -1032       -287     -241.7     -486.1     -238.9     -131.6     -389.6     -593.4     -510.5     -761.9     -379.8     -482.6       -351     -592.9
     -777.4      -5961     -298.6      42.13     -473.2       -372     -688.1      -1030      -1258     -342.1      208.1     -323.8     -659.3      -1019       -471     -394.2     -765.7       -385      -1000     -585.9     -333.5     -471.3     -361.1     -648.8     -702.3     -547.2      -1177      -1190     -910.6     -954.9     -859.5     -599.8     -886.7     -623.1     -323.2     -546.9     -738.3     -443.8     -305.1     -561.5     -671.2     -480.6     -764.5     -603.8     -520.3     -646.6     -989.3     -777.5     -615.4     -796.2     -349.4     -618.7       -609       -785     -405.6     -557.1     -440.3
     -131.1     -298.6 -1.687e+04      -1277     -266.5     -789.2     -483.8     -412.4     -326.7      -4473       -932     -220.9     -902.4     -543.3     -285.5     -646.4      46.39     -675.7     -409.5     -757.5     -191.3     -452.4     -654.2     -155.1      -1328     -914.5     -362.4     -866.4       -219     -973.9     -657.3     -173.4      -1143      146.5      -1185     -697.2     -779.3     -73.62      -1425     -792.4      -1255     -492.4     -92.47     -343.1     -915.6     -985.5     -797.2     -883.1     -548.8     -316.4     -104.9     -653.7     -588.2     -79.29     -889.6     -967.9     -908.1
     -417.2      42.13      -1277 -2.362e+04     -860.6      -1740     -937.6     -127.1      -1241     -632.5      -1537      -1235      -1190     -363.3     -799.6     -223.6     -88.92     -706.3     -784.1     -622.4     -462.7     -142.5      -1627      -1061      -1087     -356.2       -240     -244.1     -512.2     -871.4     -175.7       -156     -598.3     -144.9     -947.3     -133.7      111.6     -432.3     -623.2     -812.9      -1133     -462.2     -456.7      -1533     -670.4     -131.2       -967     -369.8       -838     -679.1       -193     -451.5     -555.8      -1414     -902.6     -809.9     -859.9
     -621.6     -473.2     -266.5     -860.6      -5227     -499.6     -649.4     -493.8     -588.6     -336.6     -369.2     -622.7      -1119     -345.1     -610.4     -604.9     -410.3      -1150     -435.4     -595.5     -359.4     -477.3     -118.8     -472.3      -1438     -689.4     -241.7     -353.8     -716.4     -728.4     -296.5     -99.56     -229.9     -156.4     -544.7     -384.1     -474.7     -292.1       -361     -271.6     -245.1     -571.7     -231.3      37.87     -469.8     -234.6     -837.2     -640.6     -455.6     -514.7     -455.1     -603.5       -547     -309.3       -461     -369.1     -632.3
     -759.5       -372     -789.2      -1740     -499.6      -7242     -305.7     -895.5       -145      25.31     -499.2     -844.9     -227.9     -929.7     -478.4     -499.7     -46.69     -4.055     -608.9     -556.5     -267.6     -256.7     -801.2     -624.5     -968.2     -751.5     -747.3     -595.8     -784.4     -758.2     -956.1       -545     -322.7     -219.2       -936     -497.2     -204.3     -247.8     -541.5     -638.4     -886.5       -754     -716.4     -398.3     -520.9     -347.5     -849.7     -890.7     -257.1     -600.9     -765.9     -520.1     -776.8     -512.9     -585.6       -535     -704.2
     -846.4     -688.1     -483.8     -937.6     -649.4     -305.7      -8046     -959.5     -446.5     -947.5     -737.3     -972.5     -575.8       -610     -792.3      -1012      -1584     -919.7     -388.9     -754.2     -424.5     -258.6     -265.6     -796.5      -1002     -653.7     -659.1     -491.2     -647.5     -627.9       -491       -512     -418.8     -367.7      -1050     -559.1     -288.6     -113.7     -211.3     -967.2     -838.8     -556.1     -904.6     -439.9     -490.2     -245.5       -595     -398.3     -507.6     -501.2     -192.5     -374.5     -652.6     -640.1     -281.1      -1167       -900
     -283.9      -1030     -412.4     -127.1     -493.8     -895.5     -959.5 -2.358e+04      -2974      -1303      -2478       -356      -1705      -1426     -780.1     -345.1     -828.9     -77.78     -364.4      -1013     -498.8     -681.6      -1069      -1011      -1412      -1160      -1308     -384.2     -447.9     -134.4     -782.8     -96.12     -349.2     -432.3     -387.5      272.4      -1046     -203.5     -769.4     -672.5      83.82     -209.4      -1152      -2964     -16.25      128.9      -1100     -170.1     -546.4     -775.6     -459.9      -1138     -516.8     -259.5      268.4     -15.22      -1014
     -414.9      -1258     -326.7      -1241     -588.6       -145     -446.5      -2974  -1.97e+04      304.4      455.1     -542.1     -17.49      -1035     -765.1     -320.2      257.9      -1558     -926.2     -699.3     -225.5     -857.3     -486.5     -828.1      -1845     -871.6     -954.6      -1459     -954.2      -1158      -1485      -1087     -603.9     -638.9     -865.7     -435.8     -29.12      -1038      -1115     -611.3     -711.2     -12.47       -631       -822     -383.4     -264.5      -1809     -305.5     -448.5     -376.2     -815.4     -667.1     -616.3     -268.9     -544.8     -740.8     -512.5
     -614.1     -342.1      -4473     -632.5     -336.6      25.31     -947.5      -1303      304.4 -3.246e+04      -3822     -627.2      -3035     -836.3     -626.1      -1087      -1010     -470.2     -813.1     -697.4      62.92     -442.6     -230.6      -1102     -219.5     -513.3     -564.8     -650.2     -44.75       -809     -138.3      -2563      131.8     -700.4     -76.09     -800.3      169.6     -108.6     -508.8      -1238      93.18       -461      163.1      438.3     -856.2     -514.4     -133.6     -103.1     -732.8     -963.3        396     -94.77     -595.1      -1365      -1133     -622.7     -309.4
     -582.9      208.1       -932      -1537     -369.2     -499.2     -737.3      -2478      455.1      -3822 -3.359e+04      -2644     -425.6      -1486      -1999     -767.9      -1425      -1043       -435     -555.5     -533.5     -863.1      23.75     -761.8     -713.2     -993.6     -876.6      -1240       -559      422.9     -773.2      292.1     -318.1     -324.3     -89.48     -47.67     -758.9     -721.3     -489.4     -531.5       -333      -1324      -1210       -493     -632.6     -576.9     -941.9     -731.5      -1304     -712.9     -498.1     -668.9      -1876     -494.2     -237.9     -851.5     -545.9
     -621.7     -323.8     -220.9      -1235     -622.7     -844.9     -972.5       -356     -542.1     -627.2      -2644      -6618     -375.2     -481.5     -357.9     -416.1     -612.5     -86.78     -320.8     -595.3     -390.7     -522.7     -357.7     -334.3     -540.7     -493.1     -103.5     -62.13     -617.1     -455.8     -565.2     -738.2     -484.3     -299.3     -491.9     -195.3       -388     -211.2     -500.9     -531.9     -878.5     -242.2     -696.4     -534.8     -831.6     -117.4     -519.1     -438.1     -682.5     -479.6     -444.8     -607.3       -399     -815.1     -492.2     -317.7     -515.3
     -900.1     -659.3     -902.4      -1190      -1119     -227.9     -575.8      -1705     -17.49      -3035     -425.6     -375.2      -8468      -1306     -431.9     -947.2      -1195     -569.5     -725.9      -1017     -367.1     -633.5     -415.2     -871.6      -1865     -919.3     -441.1     -766.3     -453.2     -334.9     -510.2     -634.1     -429.9     -354.5     -772.4       -482     -750.1     -237.8     -417.8     -920.8      -1168     -832.8     -643.7     -589.1       -793     -414.4     -774.1       -753     -937.6     -665.9      -1013     -545.1     -276.3      -1055     -217.6     -533.1       -929
     -472.3      -1019     -543.3     -363.3     -345.1     -929.7       -610      -1426      -1035     -836.3      -1486     -481.5      -1306      -9365     -735.3     -441.6      -1128      249.8     -654.6     -548.6       -380     -524.2     -447.8     -525.3      -1502     -747.3      -1554     -936.1     -402.1     -238.4     -417.7     -734.8     -620.3     -450.8     -224.3     -506.3     -455.8     -439.3     -518.3     -186.1     -586.6     -520.1      201.8      -1202      -1127     -385.9      -1174     -667.9      -1147     -551.1     -852.5     -464.6     -875.7     -408.5     -716.3     -527.8     -889.7
     -267.8       -471     -285.5     -799.6     -610.4     -478.4     -792.3     -780.1     -765.1     -626.1      -1999     -357.9     -431.9     -735.3      -4265     -644.8      181.3       -849     -585.1     -530.5     -342.8     -346.4     -399.7     -445.7      -1208       -692      -1152     -690.2     -668.7      -1191     -749.1     -339.5     -270.6     -583.9     -363.9     -535.1     -197.6     -148.2     -479.6     -373.7     -358.5      -1018     -765.1       -231       -649     -307.6     -510.5     -428.8     -636.6     -518.4     -535.4     -510.4     -897.2       -632     -429.9     -454.6       -829
     -499.5     -394.2     -646.4     -223.6     -604.9     -499.7      -1012     -345.1     -320.2      -1087     -767.9     -416.1     -947.2     -441.6     -644.8      -6189     -790.3     -281.6     -473.7     -577.8     -363.9     -387.8     -497.1     -620.2     -653.4       -624      53.55     -430.2     -324.3     -178.4     -328.6     -459.1     -467.4       -341     -506.4     -898.7     -512.9     -59.51     -304.8     -646.8     -711.6     -513.6     -871.8     -164.1     -346.7       -653     -962.1     -487.2     -528.6     -565.4     -17.44     -525.6     -872.1     -786.3     -304.2     -575.1     -861.1
     -139.5     -765.7      46.39     -88.92     -410.3     -46.69      -1584     -828.9      257.9      -1010      -1425     -612.5      -1195      -1128      181.3     -790.3 -1.793e+04      -2594       -517     -352.8     -309.3     -943.9     -392.8       -866     -797.6     -477.6      -1194     -535.1     -745.6      42.08     -689.5      2.108      192.9     -469.2     -685.4      -30.3     -421.1     -759.5     -716.5     -138.5     -371.4     -86.72     -758.1      203.5     -933.5     -446.8       -421      -1165      -1391     -953.8     -76.25     -22.96      -1306      -1483     -726.7     -939.9     -721.9
      153.8       -385     -675.7     -706.3      -1150     -4.055     -919.7     -77.78      -1558     -470.2      -1043     -86.78     -569.5      249.8       -849     -281.6      -2594 -1.722e+04     -450.8     -356.6       -465     -366.3     -685.2     -103.1      -1330     -455.2      -1505     -558.7     -411.4      -1276     -693.3     -409.3     -715.7     -716.4     -347.6     -244.3      -1129     -611.5     -789.6     -290.4     -836.5     -469.8     -952.9      255.5     -712.4     -848.6     -811.8     -478.2       -795     -708.4     -473.1     -410.1       -753     -381.4     -498.8     -619.9     -236.8
     -283.9      -1000     -409.5     -784.1     -435.4     -608.9     -388.9     -364.4     -926.2     -813.1       -435     -320.8     -725.9     -654.6     -585.1     -473.7       -517     -450.8      -3101     -380.8     -228.2     -375.7       -510     -584.5     -877.6     -542.1      -1029     -819.9     -614.4     -422.2     -626.5     -467.8     -300.3     -302.6     -736.4     -604.1     -156.9     -607.6     -411.5     -562.9     -544.5       -491     -377.7     -726.9     -657.2     -366.7     -490.5     -358.4     -708.4     -539.8     -371.2     -382.2     -309.1     -609.5       -792     -360.4     -658.1
     -716.5     -585.9     -757.5     -622.4     -595.5     -556.5     -754.2      -1013     -699.3     -697.4     -555.5     -595.3      -1017     -548.6     -530.5     -577.8     -352.8     -356.6     -380.8      -2617       -178     -375.9       -357     -629.7      -1104     -544.8       -390     -518.1     -390.5     -523.4       -669     -249.6     -368.8     -518.3     -704.6     -499.2     -212.7     -289.7     -554.2       -616     -540.9       -479     -697.4     -834.6     -523.4     -81.47     -441.1     -595.7     -658.2     -485.2     -353.5     -389.5     -623.2     -449.6     -600.4     -298.9     -630.7
     -341.6     -333.5     -191.3     -462.7     -359.4     -267.6     -424.5     -498.8     -225.5      62.92     -533.5     -390.7     -367.1       -380     -342.8     -363.9     -309.3       -465     -228.2       -178      -2202     -262.1     -149.7     -368.8     -195.1     -392.8     -601.5     -223.1     -334.1     -164.1     -317.4     -447.1     -234.5       -252     -313.6     -178.2     -549.7     -275.1     -223.6     -212.7     -321.9     -312.9     -407.2     -108.4     -295.7     -284.1     -351.2     -187.5     -271.9     -367.1     -353.4     -263.3     -544.2     -436.7     -11.42     -207.5     -534.4
     -487.1     -471.3     -452.4     -142.5     -477.3     -256.7     -258.6     -681.6     -857.3     -442.6     -863.1     -522.7     -633.5     -524.2     -346.4     -387.8     -943.9     -366.3     -375.7     -375.9     -262.1      -5912      -1148     -339.5     -558.4     -660.1     -745.2     -819.1     -720.4     -822.5       -591     -766.4     -412.4     -359.7     -74.88     -326.3      -2269       -526     -947.6     -369.5     -428.4     -532.9     -309.6      -1249     -492.1     -333.1     -464.2     -413.2     -473.8     -479.5     -214.6     -515.7     -237.4     -295.2     -576.3     -425.8     -77.66
       -125     -361.1     -654.2      -1627     -118.8     -801.2     -265.6      -1069     -486.5     -230.6      23.75     -357.7     -415.2     -447.8     -399.7     -497.1     -392.8     -685.2       -510       -357     -149.7      -1148      -8191     -323.1      -1222     -247.5     -436.2     -731.7     -418.2     -759.2     -231.1     -572.2     -649.3     -714.7     -278.1     -634.3     -620.9     -500.9     -361.2     -398.2     -428.3       -782     -709.9      -1325     -547.9     -340.5     -270.1       -546     -619.8     -414.2     -303.6     -730.4     -749.4     -902.1     -272.7     -684.8     -330.6
       -538     -648.8     -155.1      -1061     -472.3     -624.5     -796.5      -1011     -828.1      -1102     -761.8     -334.3     -871.6     -525.3     -445.7     -620.2       -866     -103.1     -584.5     -629.7     -368.8     -339.5     -323.1      -4626      -1568     -616.8     -811.8       -970     -560.2     -814.7     -856.2     -528.4     -24.76     -503.3      -1247       -896       -300     -543.1       -587     -685.2     -408.5     -567.7     -936.2     -512.8     -608.6       -590       -837     -488.6     -433.2     -477.5       -483     -352.8     -533.9     -335.9     -229.2       -483      -1179
      -1011     -702.3      -1328      -1087      -1438     -968.2      -1002      -1412      -1845     -219.5     -713.2     -540.7      -1865      -1502      -1208     -653.4     -797.6      -1330     -877.6      -1104     -195.1     -558.4      -1222      -1568 -1.782e+04      -1021      -2716      -1480      -1231     -741.9     -279.2     -499.8     -522.4     -364.2      -1757     -929.2     -432.7     -316.7       -950      -1204      -1656     -671.8      -2048     -7.873     -686.8       -341      -1298     -161.5      -1007      -1206     -934.9     -872.5      -2058     -410.7     -740.8     -851.5      -1035
     -482.1     -547.2     -914.5     -356.2     -689.4     -751.5     -653.7      -1160     -871.6     -513.3     -993.6     -493.1     -919.3     -747.3       -692       -624     -477.6     -455.2     -542.1     -544.8     -392.8     -660.1     -247.5     -616.8      -1021      -3937      -1233     -456.9     -536.7     -780.8      -1131     -497.7     -490.6     -378.7     -801.3     -530.7     -842.5     -259.9     -398.8     -710.9     -674.4     -314.1     -533.8     -832.5     -703.4     -250.6     -452.2     -461.7     -712.8     -381.6     -563.3     -520.5     -360.2     -264.2     -566.2     -536.9     -753.1
     -222.7      -1177     -362.4       -240     -241.7     -747.3     -659.1      -1308     -954.6     -564.8     -876.6     -103.5     -441.1      -1554      -1152      53.55      -1194      -1505      -1029       -390     -601.5     -745.2     -436.2     -811.8      -2716      -1233 -1.655e+04      -1698     -842.4      -1247     -935.2     -575.4     -924.9     -784.3     -959.9     -480.2     -633.4     -287.8      -1772      -1175     -696.4       -478      -1258        337       -389     -359.8      -1372       -569      -1164      -1119     -801.2     -994.1     -467.2     -532.2     -516.1     -632.6     -536.3
     -412.9      -1190     -866.4     -244.1     -353.8     -595.8     -491.2     -384.2      -1459     -650.2      -1240     -62.13     -766.3     -936.1     -690.2     -430.2     -535.1     -558.7     -819.9     -518.1     -223.1     -819.1     -731.7       -970      -1480     -456.9      -1698      -7705     -272.4      -1281     -569.1     -863.8     -392.4     -360.1     -570.2     -433.3     -409.3     -552.8     -620.3      -1082     -585.6     -842.4     -657.8     -353.9     -642.5     -662.9     -885.1     -523.8     -852.3     -716.5     -599.4     -325.6     -679.7      -1139     -913.1     -441.1     -483.3
     -522.4     -910.6       -219     -512.2     -716.4     -784.4     -647.5     -447.9     -954.2     -44.75       -559     -617.1     -453.2     -402.1     -668.7     -324.3     -745.6     -411.4     -614.4     -390.5     -334.1     -720.4     -418.2     -560.2      -1231     -536.7     -842.4     -272.4      -3809      -1033       -903     -317.1     -429.8     -416.2     -796.4     -309.7     -617.7       -410     -268.7     -523.1     -649.8     -661.2     -950.2     -75.41       -560     -128.4       -402     -659.4     -613.3     -267.8     -332.8     -426.4     -513.6     -667.8       -584     -421.4     -820.7
     -811.2     -954.9     -973.9     -871.4     -728.4     -758.2     -627.9     -134.4      -1158       -809      422.9     -455.8     -334.9     -238.4      -1191     -178.4      42.08      -1276     -422.2     -523.4     -164.1     -822.5     -759.2     -814.7     -741.9     -780.8      -1247      -1281      -1033 -1.484e+04     -573.1     -177.7     -145.7     -493.8     -400.3      -1015     -390.1     -580.9     -566.6     -527.3      -1004     -682.3     -452.1      240.7     -595.8     -732.8      -1109     -968.9     -613.9       -319     -405.8     -740.8     -271.5     -676.5     -821.6     -704.5     -664.8
     -402.9     -859.5     -657.3     -175.7     -296.5     -956.1       -491     -782.8      -1485     -138.3     -773.2     -565.2     -510.2     -417.7     -749.1     -328.6     -689.5     -693.3     -626.5       -669     -317.4       -591     -231.1     -856.2     -279.2      -1131     -935.2     -569.1       -903     -573.1      -8616      -1120     -529.4     -374.3     -912.6       -864     -665.1     -330.5     -325.9     -697.6       -385       -695      -1232     -701.9     -728.2     -429.8     -859.4     -717.4     -390.7     -282.1     -68.44     -794.8     -371.2       18.1       -391       -585      -1024
     -431.2     -599.8     -173.4       -156     -99.56       -545       -512     -96.12      -1087      -2563      292.1     -738.2     -634.1     -734.8     -339.5     -459.1      2.108     -409.3     -467.8     -249.6     -447.1     -766.4     -572.2     -528.4     -499.8     -497.7     -575.4     -863.8     -317.1     -177.7      -1120      -6294     -496.8     -519.7     -577.5     -477.1     -572.8     -530.3     -611.3     -658.4       -811     -664.6     -617.2     -916.9     -718.4     -423.7     -550.4     -800.3       -741     -593.5     -384.4     -533.2     -896.6     -410.8       -294     -439.6     -813.3
     -454.6     -886.7      -1143     -598.3     -229.9     -322.7     -418.8     -349.2     -603.9      131.8     -318.1     -484.3     -429.9     -620.3     -270.6     -467.4      192.9     -715.7     -300.3     -368.8     -234.5     -412.4     -649.3     -24.76     -522.4     -490.6     -924.9     -392.4     -429.8     -145.7     -529.4     -496.8      -4042     -286.3     -358.7     -419.1     -634.6     -41.39     -441.3     -494.6     -720.9       -584       -531     -647.5     -444.3     -172.3     -617.2       -511     -398.2     -398.8     -193.5     -772.3     -350.1     -457.7       -348     -438.2     -491.7
     -413.4     -623.1      146.5     -144.9     -156.4     -219.2     -367.7     -432.3     -638.9     -700.4     -324.3     -299.3     -354.5     -450.8     -583.9       -341     -469.2     -716.4     -302.6     -518.3       -252     -359.7     -714.7     -503.3     -364.2     -378.7     -784.3     -360.1     -416.2     -493.8     -374.3     -519.7     -286.3      -3016     -246.4     -364.5     -248.4     -283.9     -167.8     -481.7     -474.5     -799.4     -781.2     -750.5     -417.9     -274.4     -354.4     -381.6       -538     -417.6     -560.1     -227.8     -483.8     -722.4     -428.7     -527.3     -336.9
     -590.4     -323.2      -1185     -947.3     -544.7       -936      -1050     -387.5     -865.7     -76.09     -89.48     -491.9     -772.4     -224.3     -363.9     -506.4     -685.4     -347.6     -736.4     -704.6     -313.6     -74.88     -278.1      -1247      -1757     -801.3     -959.9     -570.2     -796.4     -400.3     -912.6     -577.5     -358.7     -246.4      -7563      -2074     -39.29     -369.8     -394.1     -835.1       -842       -450     -835.4     -155.1       -631     -486.9     -987.4       -373     -253.9     -458.9     -550.3       -348     -890.1     -365.8     -560.7     -737.8      -1071
     -528.4     -546.9     -697.2     -133.7     -384.1     -497.2     -559.1      272.4     -435.8     -800.3     -47.67     -195.3       -482     -506.3     -535.1     -898.7      -30.3     -244.3     -604.1     -499.2     -178.2     -326.3     -634.3       -896     -929.2     -530.7     -480.2     -433.3     -309.7      -1015       -864     -477.1     -419.1     -364.5      -2074      -7887      111.7     -481.4     -442.4     -635.9     -592.7     -721.8     -37.95     -122.5      -1018     -394.3     -914.8     -443.4     -106.8     -619.9     -631.6     -512.1     -237.6     -402.6     -665.4     -495.5     -832.6
     -290.6     -738.3     -779.3      111.6     -474.7     -204.3     -288.6      -1046     -29.12      169.6     -758.9       -388     -750.1     -455.8     -197.6     -512.9     -421.1      -1129     -156.9     -212.7     -549.7      -2269     -620.9       -300     -432.7     -842.5     -633.4     -409.3     -617.7     -390.1     -665.1     -572.8     -634.6     -248.4     -39.29      111.7 -1.013e+04     -882.8     -371.9     -609.3     -663.3     -622.7     -159.9     -592.9     -390.5      77.28     -463.3     -451.3     -178.4     -557.2       -962     -476.6     -9.084     -67.54     -193.5     -532.9     -355.7
     -215.4     -443.8     -73.62     -432.3     -292.1     -247.8     -113.7     -203.5      -1038     -108.6     -721.3     -211.2     -237.8     -439.3     -148.2     -59.51     -759.5     -611.5     -607.6     -289.7     -275.1       -526     -500.9     -543.1     -316.7     -259.9     -287.8     -552.8       -410     -580.9     -330.5     -530.3     -41.39     -283.9     -369.8     -481.4     -882.8      -5165       -668     -151.3     -396.1     -327.2     -627.2     -257.2     -262.7     -217.5     -304.9     -157.8     -642.4     -337.2     -439.7     -206.8     -229.1     -6.012     -749.3     -310.5     -692.2
     -466.2     -305.1      -1425     -623.2       -361     -541.5     -211.3     -769.4      -1115     -508.8     -489.4     -500.9     -417.8     -518.3     -479.6     -304.8     -716.5     -789.6     -411.5     -554.2     -223.6     -947.6     -361.2       -587       -950     -398.8      -1772     -620.3     -268.7     -566.6     -325.9     -611.3     -441.3     -167.8     -394.1     -442.4     -371.9       -668      -6063     -374.3     -642.9     -204.5     -707.3      -1247     -500.5       -586     -614.1     -552.1     -469.5     -408.3     -430.1       -710     -923.1     -517.6     -417.7     -423.1     -643.4
     -325.6     -561.5     -792.4     -812.9     -271.6     -638.4     -967.2     -672.5     -611.3      -1238     -531.5     -531.9     -920.8     -186.1     -373.7     -646.8     -138.5     -290.4     -562.9       -616     -212.7     -369.5     -398.2     -685.2      -1204     -710.9      -1175      -1082     -523.1     -527.3     -697.6     -658.4     -494.6     -481.7     -835.1     -635.9     -609.3     -151.3     -374.3      -3832     -738.2     -481.7     -713.7     -676.2     -488.5     -149.3     -798.7     -749.1     -512.1     -487.5     -287.7     -298.2     -714.5     -973.1     -597.2     -502.7     -611.6
     -288.7     -671.2      -1255      -1133     -245.1     -886.5     -838.8      83.82     -711.2      93.18       -333     -878.5      -1168     -586.6     -358.5     -711.6     -371.4     -836.5     -544.5     -540.9     -321.9     -428.4     -428.3     -408.5      -1656     -674.4     -696.4     -585.6     -649.8      -1004       -385       -811     -720.9     -474.5       -842     -592.7     -663.3     -396.1     -642.9     -738.2      -8176     -797.6     -164.6     -63.76     -751.3     -146.3      -1077     -797.7       -626     -410.1     -582.6     -383.3      -1037     -810.4     -279.9     -680.7     -459.2
     -568.6     -480.6     -492.4     -462.2     -571.7       -754     -556.1     -209.4     -12.47       -461      -1324     -242.2     -832.8     -520.1      -1018     -513.6     -86.72     -469.8       -491       -479     -312.9     -532.9       -782     -567.7     -671.8     -314.1       -478     -842.4     -661.2     -682.3       -695     -664.6       -584     -799.4       -450     -721.8     -622.7     -327.2     -204.5     -481.7     -797.6      -5952     -223.4     -370.6     -799.1     -438.1     -751.1      -1091     -738.5     -532.2     -464.7     -550.2     -681.8     -608.9     -368.1       -628     -680.3
     -697.5     -764.5     -92.47     -456.7     -231.3     -716.4     -904.6      -1152       -631      163.1      -1210     -696.4     -643.7      201.8     -765.1     -871.8     -758.1     -952.9     -377.7     -697.4     -407.2     -309.6     -709.9     -936.2      -2048     -533.8      -1258     -657.8     -950.2     -452.1      -1232     -617.2       -531     -781.2     -835.4     -37.95     -159.9     -627.2     -707.3     -713.7     -164.6     -223.4  -1.29e+04      -3015     -567.1     -526.3     -611.4     -340.2     -799.5     -644.7       -359     -500.4     -713.8     -900.7     -782.2     -725.2      -1301
      -1032     -603.8     -343.1      -1533      37.87     -398.3     -439.9      -2964       -822      438.3       -493     -534.8     -589.1      -1202       -231     -164.1      203.5      255.5     -726.9     -834.6     -108.4      -1249      -1325     -512.8     -7.873     -832.5        337     -353.9     -75.41      240.7     -701.9     -916.9     -647.5     -750.5     -155.1     -122.5     -592.9     -257.2      -1247     -676.2     -63.76     -370.6      -3015  -1.85e+04     -943.2     -149.8      304.8     -388.1     -207.8     -513.6     -533.4     -950.5      104.5     -16.13     -820.6      115.7     -339.2
       -287     -520.3     -915.6     -670.4     -469.8     -520.9     -490.2     -16.25     -383.4     -856.2     -632.6     -831.6       -793      -1127       -649     -346.7     -933.5     -712.4     -657.2     -523.4     -295.7     -492.1     -547.9     -608.6     -686.8     -703.4       -389     -642.5       -560     -595.8     -728.2     -718.4     -444.3     -417.9       -631      -1018     -390.5     -262.7     -500.5     -488.5     -751.3     -799.1     -567.1     -943.2      -4709     -540.4     -640.1     -993.1     -977.3     -438.1     -477.7     -691.5     -239.7     -692.2       -591     -402.1     -567.9
     -241.7     -646.6     -985.5     -131.2     -234.6     -347.5     -245.5      128.9     -264.5     -514.4     -576.9     -117.4     -414.4     -385.9     -307.6       -653     -446.8     -848.6     -366.7     -81.47     -284.1     -333.1     -340.5       -590       -341     -250.6     -359.8     -662.9     -128.4     -732.8     -429.8     -423.7     -172.3     -274.4     -486.9     -394.3      77.28     -217.5       -586     -149.3     -146.3     -438.1     -526.3     -149.8     -540.4      -4938     -867.3     -317.3     -173.4     -134.4     -46.55     -207.6     -432.5     -501.7     -214.2     -463.8     -171.8
     -486.1     -989.3     -797.2       -967     -837.2     -849.7       -595      -1100      -1809     -133.6     -941.9     -519.1     -774.1      -1174     -510.5     -962.1       -421     -811.8     -490.5     -441.1     -351.2     -464.2     -270.1       -837      -1298     -452.2      -1372     -885.1       -402      -1109     -859.4     -550.4     -617.2     -354.4     -987.4     -914.8     -463.3     -304.9     -614.1     -798.7      -1077     -751.1     -611.4      304.8     -640.1     -867.3      -7014     -353.8     -506.4     -592.2       -232     -702.4      -1036      -1022     -15.83     -852.5     -545.7
     -238.9     -777.5     -883.1     -369.8     -640.6     -890.7     -398.3     -170.1     -305.5     -103.1     -731.5     -438.1       -753     -667.9     -428.8     -487.2      -1165     -478.2     -358.4     -595.7     -187.5     -413.2       -546     -488.6     -161.5     -461.7       -569     -523.8     -659.4     -968.9     -717.4     -800.3       -511     -381.6       -373     -443.4     -451.3     -157.8     -552.1     -749.1     -797.7      -1091     -340.2     -388.1     -993.1     -317.3     -353.8      -5691      -1273     -466.1     -404.5     -338.5      -1096     -816.3     -325.1     -490.4     -262.8
     -131.6     -615.4     -548.8       -838     -455.6     -257.1     -507.6     -546.4     -448.5     -732.8      -1304     -682.5     -937.6      -1147     -636.6     -528.6      -1391       -795     -708.4     -658.2     -271.9     -473.8     -619.8     -433.2      -1007     -712.8      -1164     -852.3     -613.3     -613.9     -390.7       -741     -398.2       -538     -253.9     -106.8     -178.4     -642.4     -469.5     -512.1       -626     -738.5     -799.5     -207.8     -977.3     -173.4     -506.4      -1273      -6971     -564.5     -354.4     -186.5     -962.8     -910.1     -310.2     -533.6     -509.1
     -389.6     -796.2     -316.4     -679.1     -514.7     -600.9     -501.2     -775.6     -376.2     -963.3     -712.9     -479.6     -665.9     -551.1     -518.4     -565.4     -953.8     -708.4     -539.8     -485.2     -367.1     -479.5     -414.2     -477.5      -1206     -381.6      -1119     -716.5     -267.8       -319     -282.1     -593.5     -398.8     -417.6     -458.9     -619.9     -557.2     -337.2     -408.3     -487.5     -410.1     -532.2     -644.7     -513.6     -438.1     -134.4     -592.2     -466.1     -564.5      -2426     -311.8     -475.6     -627.3     -583.1     -519.9     -419.3     -551.4
     -593.4     -349.4     -104.9       -193     -455.1     -765.9     -192.5     -459.9     -815.4        396     -498.1     -444.8      -1013     -852.5     -535.4     -17.44     -76.25     -473.1     -371.2     -353.5     -353.4     -214.6     -303.6       -483     -934.9     -563.3     -801.2     -599.4     -332.8     -405.8     -68.44     -384.4     -193.5     -560.1     -550.3     -631.6       -962     -439.7     -430.1     -287.7     -582.6     -464.7       -359     -533.4     -477.7     -46.55       -232     -404.5     -354.4     -311.8      -5334     -433.3     -326.9     -290.1     -719.5     -200.6       -513
     -510.5     -618.7     -653.7     -451.5     -603.5     -520.1     -374.5      -1138     -667.1     -94.77     -668.9     -607.3     -545.1     -464.6     -510.4     -525.6     -22.96     -410.1     -382.2     -389.5     -263.3     -515.7     -730.4     -352.8     -872.5     -520.5     -994.1     -325.6     -426.4     -740.8     -794.8     -533.2     -772.3     -227.8       -348     -512.1     -476.6     -206.8       -710     -298.2     -383.3     -550.2     -500.4     -950.5     -691.5     -207.6     -702.4     -338.5     -186.5     -475.6     -433.3      -4342     -401.1     -430.7     -764.5       -566     -628.6
     -761.9       -609     -588.2     -555.8       -547     -776.8     -652.6     -516.8     -616.3     -595.1      -1876       -399     -276.3     -875.7     -897.2     -872.1      -1306       -753     -309.1     -623.2     -544.2     -237.4     -749.4     -533.9      -2058     -360.2     -467.2     -679.7     -513.6     -271.5     -371.2     -896.6     -350.1     -483.8     -890.1     -237.6     -9.084     -229.1     -923.1     -714.5      -1037     -681.8     -713.8      104.5     -239.7     -432.5      -1036      -1096     -962.8     -627.3     -326.9     -401.1 -1.081e+04      -2695     -96.14     -619.4      -1289
     -379.8       -785     -79.29      -1414     -309.3     -512.9     -640.1     -259.5     -268.9      -1365     -494.2     -815.1      -1055     -408.5       -632     -786.3      -1483     -381.4     -609.5     -449.6     -436.7     -295.2     -902.1     -335.9     -410.7     -264.2     -532.2      -1139     -667.8     -676.5       18.1     -410.8     -457.7     -722.4     -365.8     -402.6     -67.54     -6.012     -517.6     -973.1     -810.4     -608.9     -900.7     -16.13     -692.2     -501.7      -1022     -816.3     -910.1     -583.1     -290.1     -430.7      -2695  -1.07e+04     -310.7     -637.6       -954
     -482.6     -405.6     -889.6     -902.6       -461     -585.6     -281.1      268.4     -544.8      -1133     -237.9     -492.2     -217.6     -716.3     -429.9     -304.2     -726.7     -498.8       -792     -600.4     -11.42     -576.3     -272.7     -229.2     -740.8     -566.2     -516.1     -913.1       -584     -821.6       -391       -294       -348     -428.7     -560.7     -665.4     -193.5     -749.3     -417.7     -597.2     -279.9     -368.1     -782.2     -820.6       -591     -214.2     -15.83     -325.1     -310.2     -519.9     -719.5     -764.5     -96.14     -310.7      -7073     -136.7     -487.6
       -351     -557.1     -967.9     -809.9     -369.1       -535      -1167     -15.22     -740.8     -622.7     -851.5     -317.7     -533.1     -527.8     -454.6     -575.1     -939.9     -619.9     -360.4     -298.9     -207.5     -425.8     -684.8       -483     -851.5     -536.9     -632.6     -441.1     -421.4     -704.5       -585     -439.6     -438.2     -527.3     -737.8     -495.5     -532.9     -310.5     -423.1     -502.7     -680.7       -628     -725.2      115.7     -402.1     -463.8     -852.5     -490.4     -533.6     -419.3     -200.6       -566     -619.4     -637.6     -136.7      -3344     -496.1
     -592.9     -440.3     -908.1     -859.9     -632.3     -704.2       -900      -1014     -512.5     -309.4     -545.9     -515.3       -929     -889.7       -829     -861.1     -721.9     -236.8     -658.1     -630.7     -534.4     -77.66     -330.6      -1179      -1035     -753.1     -536.3     -483.3     -820.7     -664.8      -1024     -813.3     -491.7     -336.9      -1071     -832.6     -355.7     -692.2     -643.4     -611.6     -459.2     -680.3      -1301     -339.2     -567.9     -171.8     -545.7     -262.8     -509.1     -551.4       -513     -628.6      -1289       -954     -487.6     -496.1      -5126
