
 30

(((t26: 0.008674, t21: 0.004348): 0.214041, (t20: 0.152472, t30: 0.147382): 0.119608): 0.083588, (t5: 0.255163, (((t6: 0.138669, t17: 0.168952): 0.077146, ((t12: 0.128124, t27: 0.101794): 0.098506, (t1: 0.089146, t16: 0.128590): 0.139611): 0.038448): 0.026302, (t29: 0.178541, ((t4: 0.143262, t2: 0.102782): 0.040054, t22: 0.142420): 0.062201): 0.046970): 0.051007): 0.071824, (((t15: 0.179334, (t28: 0.118359, t7: 0.115191): 0.040479): 0.080269, ((t18: 0.170171, t24: 0.178090): 0.028507, ((t3: 0.094462, t10: 0.138294): 0.101259, (t25: 0.060756, (t13: 0.053332, t14: 0.052570): 0.028905): 0.158316): 0.013363): 0.014749): 0.073625, (((t19: 0.124482, (t9: 0.095769, t23: 0.097332): 0.045656): 0.027009, t11: 0.091581): 0.113543, t8: 0.250833): 0.076542): 0.224825);

  0.083588  0.214041  0.008674  0.004348  0.119608  0.152472  0.147382  0.071824  0.255163  0.051007  0.026302  0.077146  0.138669  0.168952  0.038448  0.098506  0.128124  0.101794  0.139611  0.089146  0.128590  0.046970  0.178541  0.062201  0.040054  0.143262  0.102782  0.142420  0.224825  0.073625  0.080269  0.179334  0.040479  0.118359  0.115191  0.014749  0.028507  0.170171  0.178090  0.013363  0.101259  0.094462  0.138294  0.158316  0.060756  0.028905  0.053332  0.052570  0.076542  0.113543  0.027009  0.124482  0.045656  0.095769  0.097332  0.091581  0.250833

  0.000000  0.000000  0.000000  0.000000  0.000000  0.000000  0.000000  0.000000  0.000000  0.000000  0.000000  0.000000  0.000000  0.000000  0.000000  0.000000  0.000000  0.000000  0.000000  0.000000  0.000000  0.000000  0.000000  0.000000  0.000000  0.000000  0.000000  0.000000  0.000000  0.000000  0.000000  0.000000  0.000000  0.000000  0.000000  0.000000  0.000000  0.000000  0.000000  0.000000  0.000000  0.000000  0.000000  0.000000  0.000000  0.000000  0.000000  0.000000  0.000000  0.000000  0.000000  0.000000  0.000000  0.000000  0.000000  0.000000  0.000000


Hessian

      -6171     -502.7     -637.6      -1279     -582.9     -722.3     -456.2      -1115     -359.6     -611.6     -974.5      -1366       -407     -537.4     -768.2     -215.8     -604.1     -455.6     -602.9     -589.5     -367.1     -282.9     -413.6      -1248     -478.4       -454     -416.4     -733.8     -280.2     -522.5       -633     -615.6     -243.6     -550.3     -953.9      -1374       -199       -737     -413.1      -2400     -608.3     -636.7     -538.7     -725.8     -639.9     -670.4     -848.5     -128.1       -403     -455.9      -1466     -743.2      -1203     -933.4     -652.8       -579     -502.5
     -502.7      -3083      97.48      240.1     -425.1       -305     -774.6     -434.9     -452.1       -508     -95.79     -494.1       -474     -651.8      -1008     -347.1       -567     -416.1     -568.6     -672.6     -353.9     -369.1     -467.4     -157.1     -495.9     -452.3     -729.7     -526.7     -368.3       -112     -603.6     -390.7       -466     -539.5     -496.9     -721.6      -1071       -551     -434.5      -1211     -610.7     -554.9     -281.1     -476.5     -531.8     -630.7     -271.8      -1019     -225.6     -528.8       -919     -500.6     -916.1     -93.29     -623.6     -439.8     -408.2
     -637.6      97.48 -9.467e+04 -3.892e+04     -262.1      2.378      504.7      -1114     -148.8      -1427      548.2     -220.5      984.6      -1061      599.2      537.4     -903.6      -1530      925.4      888.5     -535.2      994.3     -197.6      174.6     -643.9      779.3      497.7      -1497      469.9     -336.6     -620.5     -508.3     -536.4       1004      963.4      -1267      -2152        310      737.8      -2082      -2362      908.7     -199.1      -2656       -557     -343.2      961.2      966.5      370.6     -138.2      -2756     -947.1      562.6      380.5      -2789      70.63     -648.6
      -1279      240.1 -3.892e+04 -1.504e+05      11.18     -599.5     -947.2      -1926     -869.2      -3626      -7897      507.5      933.2     -713.9      412.4      -2659     -767.6      -1513      745.3      675.2     -827.9      771.1      -1536      -1144      -5345      243.1     -573.3     -41.75     -483.5      -5168      -1376      -1642        358      871.3      -1009      85.45      445.1      346.2     -127.8     -124.5      518.5      797.8      -3223      -1952      -1976      -7999      783.7      786.9      -1077     -431.5      -1884      -1695      -2390      -2885      -1525     -544.3     -421.4
     -582.9     -425.1     -262.1      11.18      -4791     -499.1       -384     -830.1       -366     -344.8     -100.3     -629.3     -422.9     -318.4     -660.7     -666.6     -250.3     -441.1     -483.1     -633.3     -505.2     -163.6     -715.1     -342.7     -705.8     -426.8     -346.3     -721.3     -168.8     -325.8     -497.9     -294.3     -522.5     -841.2       -336     -655.6     -538.2       -458     -752.3     -539.6     -253.2     -657.8     -377.9     -282.5       -537     -262.5     -88.09      140.3     -540.5     -227.1     -390.3     -609.7     -629.4     -591.1     -519.1     -245.6     -186.3
     -722.3       -305      2.378     -599.5     -499.1      -4381     -803.1     -604.8     -577.5     -577.2      -1469     -296.7       -380     -715.7     -631.1     -646.2     -527.4     -832.6     -324.6     -818.8       -530     -827.5     -639.2     -746.2     -695.7     -422.7     -317.4     -419.9     -315.3     -405.5     -672.1     -696.2     -692.2     -688.2     -388.4     -972.1     -884.2       -948     -226.7     -875.7     -497.6     -549.3     -877.9     -522.9       -600     -614.2     -649.7      115.3     -539.4     -651.5     -652.1       -545     -979.6     -587.6     -747.3     -149.3     -381.9
     -456.2     -774.6      504.7     -947.2       -384     -803.1      -4573     -543.5     -370.6     -682.7     -577.4       -286     -799.2     -746.8     -471.9     -422.5     -774.8     -648.1     -725.5     -664.7     -663.4     -624.3     -638.8     -649.6     -607.9     -587.8     -465.8     -572.4     -329.8     -713.4     -547.6     -582.4     -285.9     -640.9     -762.2     -412.7     -658.1     -743.5     -686.6     -670.4     -223.2     -818.6     -233.7     -464.2     -174.5     -424.5     -310.4     -175.9     -566.7       -246     -457.1     -757.9     -819.8     -651.9     -477.1     -469.5     -684.3
      -1115     -434.9      -1114      -1926     -830.1     -604.8     -543.5      -7150     -158.5      -1145      -1454     -657.3     -726.5     -742.9     -724.6     -245.9     -616.9      -1124     -523.5     -430.6     -300.8     -293.1     -427.4     -749.5     -525.3     -940.8     -454.7      -1097     -508.6     -442.3     -566.4     -623.2     -442.7     -785.2     -597.1     -354.8      -1022      -1001       -955     -558.2     -44.36     -396.6     -886.4     -336.4     -594.7     -23.11       -454     -786.9     -495.4       -350      -1247      -1078     -642.8     -305.2     -831.1     -186.4     -192.6
     -359.6     -452.1     -148.8     -869.2       -366     -577.5     -370.6     -158.5      -2765     -932.8     -87.49     -103.3     -568.9     -406.5     -514.2     -485.5       -356     -424.3     -232.9     -548.3     -334.9     -565.9     -501.7     -793.4       -717     -313.2     -641.3     -502.2     -365.7     -247.9     -312.6     -372.9     -140.9     -604.7     -356.5     -650.5     -455.6     -514.1     -499.6     -928.2     -559.6     -509.2       -410     -657.6     -504.7       -475     -306.2     -685.5     -220.1     -418.5     -507.5     -337.8       -620     -464.3       -614     -271.3     -444.5
     -611.6       -508      -1427      -3626     -344.8     -577.2     -682.7      -1145     -932.8      -9850     -838.8     -220.3     -619.1     -898.9     -880.3     -964.5      -1662     -872.2     -77.05     -559.7     -358.3     -391.3     -293.5     -721.6     -512.7     -403.3     -354.6     -268.7     -98.53     -690.7      -1165     -770.7     -586.9     -681.8       -867     -931.7     -960.1     -475.1     -437.9      -1084     -582.3      -1148     -699.4     -552.8     -62.73        248     -700.1     -357.6     -818.9      -1095      -1446       -320     -223.1     -656.9     -195.4     -95.59     -457.4
     -974.5     -95.79      548.2      -7897     -100.3      -1469     -577.4      -1454     -87.49     -838.8  -1.89e+04      -1485       -927     -238.3      -2749     -994.2      -1191     -913.9     -666.3      -1050     -399.8      -1811     -396.7      -1428      -1735     -961.3     -832.5     -438.1     -261.2      -1500     -251.8     -833.8     -384.8       -564     -648.3     -341.1       -820     -647.4       -198     -506.8      -1278     -27.25     -703.8     -422.1     -475.8      -2894      -2187     -380.7      -1371     -828.8      -2226     -82.36     -598.1     -869.8       -448      -1124     -413.9
      -1366     -494.1     -220.5      507.5     -629.3     -296.7       -286     -657.3     -103.3     -220.3      -1485      -8160       -780     -673.8     -637.8       -828       -407     -188.6     -280.5       -288     -347.8     -383.9     -713.9      32.17     -167.4     -200.5     -537.4     -764.6     -168.5     -831.6     -480.1     -766.1     -206.7     -662.5      -1107     -373.5     -390.4     -707.1     -416.1     -250.6     -221.3       -440     -423.5     -661.3      45.06     -394.9     -792.9     -217.8     -461.4     -538.4     -355.2     -226.7      -1042     -403.8      -1211     -492.8     -293.7
       -407       -474      984.6      933.2     -422.9       -380     -799.2     -726.5     -568.9     -619.1       -927       -780      -5191     -550.6     -715.8     -737.6     -688.7     -396.2     -289.1     -729.1     -144.3     -314.9     -725.6     -854.9     -941.3     -337.7     -543.9     -651.5     -170.3     -670.7     -223.7     -435.2       -128     -469.6     -567.8     -534.2     -480.1     -944.8     -416.6     -629.3       -656     -559.4     -554.9     -461.6     -130.2     -853.4     -936.4     -205.4     -388.2     -402.2     -471.3     -695.2     -656.6     -694.5     -623.8     -807.7     -504.9
     -537.4     -651.8      -1061     -713.9     -318.4     -715.7     -746.8     -742.9     -406.5     -898.9     -238.3     -673.8     -550.6      -4349     -561.1     -616.7     -382.5     -692.5     -156.8     -790.4       -548     -486.3     -415.6     -457.7      -1212     -545.6     -389.1     -526.7     -345.1     -310.3     -525.1     -810.2     -826.4     -489.1     -898.3     -602.1      -1347     -534.6     -484.6      -1069     -382.2       -795     -670.2     -681.7     -654.6     -289.2     -827.4      -1125     -905.4     -786.7     -786.7     -601.9     -501.3     -211.2     -579.8     -537.8     -553.5
     -768.2      -1008      599.2      412.4     -660.7     -631.1     -471.9     -724.6     -514.2     -880.3      -2749     -637.8     -715.8     -561.1 -1.279e+04      -1058      -1264      -1162     -837.4      -1230     -188.5      -1261       -932      -1194     -853.1       -965     -915.9      -1082       -339     -248.2     -351.6     -697.4     -309.6     -275.1      -1311      -1677      -2096      -1121      -1298      -1884      -1205      -1792     -219.3     -452.3     -237.8       -946       -851      -1158     -519.8     -368.9     -450.1     -804.8     -829.5      -1243     -895.4     -256.7       -507
     -215.8     -347.1      537.4      -2659     -666.6     -646.2     -422.5     -245.9     -485.5     -964.5     -994.2       -828     -737.6     -616.7      -1058      -6663     -395.7     -313.1     -30.71     -600.5       -490     -730.8     -571.7     -616.9     -593.5     -366.2     -217.1       -343     -233.8     -759.6     -272.5     -405.7     -295.8     -668.5     -860.3      -1159     -670.2     -442.8     -217.6     -409.3     -655.3      -1228     -579.8     -458.6     -402.2     -480.8      -1131     -300.6     -721.8     -775.2       -515     -393.5     -928.8     -909.3      -1058     -529.4     -206.8
     -604.1       -567     -903.6     -767.6     -250.3     -527.4     -774.8     -616.9       -356      -1662      -1191       -407     -688.7     -382.5      -1264     -395.7      -5919      -1037     -377.7     -690.4     -129.6     -554.2     -737.3      -1119     -663.6     -671.3     -172.9     -608.3     -348.9      -1085     -900.5     -818.8     -454.5       -612     -793.2     -958.8     -925.2     -513.7     -627.1     -984.8     -382.4     -531.9       -493     -730.6     -439.6     -635.1     -513.1     -939.5       -494     -356.9     -821.2     -872.6      -1280       -592     -314.4     -459.4     -568.9
     -455.6     -416.1      -1530      -1513     -441.1     -832.6     -648.1      -1124     -424.3     -872.2     -913.9     -188.6     -396.2     -692.5      -1162     -313.1      -1037      -7230       -324     -565.4     -443.5     -643.4     -621.5      -1100     -876.8     -711.4     -330.4      -1031     -613.1     -599.3     -960.1     -735.7     -566.1     -482.8     -429.9     -721.6     -904.4     -440.4     -700.1      138.1     -667.9     -564.3     -854.4     -668.1     -174.7     -441.7     -343.1       -642     -672.8     -562.9      -1422     -735.9       -243     -403.9     -737.6     -68.47     -607.4
     -602.9     -568.6      925.4      745.3     -483.1     -324.6     -725.5     -523.5     -232.9     -77.05     -666.3     -280.5     -289.1     -156.8     -837.4     -30.71     -377.7       -324      -4881     -689.5     -234.5     -893.9     -573.5     -245.1     -432.6     -135.1     -54.08     -740.4     -153.7     -326.1     -826.7       -492      103.7     -456.7     -487.1     -724.6     -374.2     -611.9     -421.9     -521.4     -60.92     -603.4     -554.8     -658.4     -981.1      -1143     -497.3     -60.51     -692.6     -175.8      -1065     -407.1     -661.1     -236.7     -235.3      -3.89     -300.8
     -589.5     -672.6      888.5      675.2     -633.3     -818.8     -664.7     -430.6     -548.3     -559.7      -1050       -288     -729.1     -790.4      -1230     -600.5     -690.4     -565.4     -689.5      -8103      -1143     -903.5      -1262      -1561     -942.7     -708.4       -202     -634.8     -542.6     -371.1     -845.5     -479.7     -679.4     -818.2      -1109      -1158     -899.9      -1225     -711.3      -1095     -607.5     -828.7     -358.7       -683     -773.5     -279.2     -807.1      -1392     -837.5     -440.3      -1366     -599.8     -512.2     -270.9     -909.2     -512.3     -533.5
     -367.1     -353.9     -535.2     -827.9     -505.2       -530     -663.4     -300.8     -334.9     -358.3     -399.8     -347.8     -144.3       -548     -188.5       -490     -129.6     -443.5     -234.5      -1143      -5868     -554.2     -523.8     -676.9       -857     -362.4     -672.1     -521.4     -267.3       -482     -348.8     -694.6      -1721     -677.7     -536.9      -31.5     -960.4     -654.9     -546.3     -417.2     -648.6     -419.3     -377.3     -269.9     -517.1     -373.8     -693.8     -373.7     -564.3     -344.2     -137.5     -245.8      -1012     -728.1     -410.6     -578.4     -609.8
     -282.9     -369.1      994.3      771.1     -163.6     -827.5     -624.3     -293.1     -565.9     -391.3      -1811     -383.9     -314.9     -486.3      -1261     -730.8     -554.2     -643.4     -893.9     -903.5     -554.2 -1.218e+04     -634.6      -1371      -1097     -906.9     -689.9     -295.5     -310.4     -700.2      -1371     -505.2     -179.2     -924.9     -805.8     -21.14      -2570      -1133     -625.1     -559.1       -530     -995.6     -310.4     -432.6     -392.1     -637.6     -912.7     -879.8     -932.1     -34.05     -465.6     -437.8     -295.2     -454.1     -295.6     -890.4     -156.8
     -413.6     -467.4     -197.6      -1536     -715.1     -639.2     -638.8     -427.4     -501.7     -293.5     -396.7     -713.9     -725.6     -415.6       -932     -571.7     -737.3     -621.5     -573.5      -1262     -523.8     -634.6      -4227     -715.9     -336.6     -468.6     -513.3     -753.9     -289.6     -814.8     -747.5     -681.4     -796.2     -651.5      -1109      -1194     -488.1     -802.6     -669.8      -1123     -657.9     -907.5     -765.9     -652.5     -965.4     -978.7     -521.3       -815     -712.4     -459.7     -534.1     -988.8     -933.2     -472.7       -824     -497.3     -556.8
      -1248     -157.1      174.6      -1144     -342.7     -746.2     -649.6     -749.5     -793.4     -721.6      -1428      32.17     -854.9     -457.7      -1194     -616.9      -1119      -1100     -245.1      -1561     -676.9      -1371     -715.9      -9965     -875.8     -411.2     -142.6     -464.7     -162.8     -640.1     -465.2     -825.2     -170.7     -996.7     -808.2     -949.6     -33.94     -783.9     -428.7      -1564     -792.4     -710.7     -588.9      -1130     -717.2     -295.6        -81       -308       -962     -516.6      -1390     -405.9     -837.8      -1007     -385.7     -717.5     -474.4
     -478.4     -495.9     -643.9      -5345     -705.8     -695.7     -607.9     -525.3       -717     -512.7      -1735     -167.4     -941.3      -1212     -853.1     -593.5     -663.6     -876.8     -432.6     -942.7       -857      -1097     -336.6     -875.8 -1.429e+04     -921.6      -1373     -962.3     -190.7      -1080     -410.7     -573.1      -1566      -1184     -462.3     -999.7      -1213      -1145     -620.8     -719.7      -1144     -416.2     -738.5     -397.8     -796.6      -1924     -927.7      -1661      -1046     -863.5     -875.9      -1324       -517       -358     -727.4     -643.8     -364.4
       -454     -452.3      779.3      243.1     -426.8     -422.7     -587.8     -940.8     -313.2     -403.3     -961.3     -200.5     -337.7     -545.6       -965     -366.2     -671.3     -711.4     -135.1     -708.4     -362.4     -906.9     -468.6     -411.2     -921.6      -5479     -693.5     -443.9     -416.1     -270.4       -476     -635.3     -317.7     -383.6     -471.1       -823     -570.3     -624.6     -525.7     -439.1     -546.3     -780.1     -119.7     -325.2     -242.8     -881.3      -1494      -1129     -650.1     -583.1      -1256     -244.4     -460.1     -401.7       -610     -693.5     -325.8
     -416.4     -729.7      497.7     -573.3     -346.3     -317.4     -465.8     -454.7     -641.3     -354.6     -832.5     -537.4     -543.9     -389.1     -915.9     -217.1     -172.9     -330.4     -54.08       -202     -672.1     -689.9     -513.3     -142.6      -1373     -693.5      -7425       -316       -464     -379.5     -398.3     -672.2      -1134      -1133     -610.8      -1119     -854.4     -826.1     -332.4      -1296     -734.3     -412.1     -344.1     -733.7     -410.4     -792.6     -123.5     -484.6     -276.7     -340.6     -599.7     -479.4       -255     -244.2     -157.4     -254.7     -416.9
     -733.8     -526.7      -1497     -41.75     -721.3     -419.9     -572.4      -1097     -502.2     -268.7     -438.1     -764.6     -651.5     -526.7      -1082       -343     -608.3      -1031     -740.4     -634.8     -521.4     -295.5     -753.9     -464.7     -962.3     -443.9       -316      -5467     -275.8         94     -725.5     -663.4     -663.4       -791       -582     -7.896     -721.5       -594     -634.3      0.104     -196.1     -494.4     -376.9     -383.9     -233.2     -679.3     -683.8     -915.1     -178.6     -308.8      -1137     -708.3     -355.9     -849.6       -756     -220.5       -629
     -280.2     -368.3      469.9     -483.5     -168.8     -315.3     -329.8     -508.6     -365.7     -98.53     -261.2     -168.5     -170.3     -345.1       -339     -233.8     -348.9     -613.1     -153.7     -542.6     -267.3     -310.4     -289.6     -162.8     -190.7     -416.1       -464     -275.8      -2688     -417.1       14.4     -474.6     -597.8     -273.6     -198.3      20.14     -543.3     -251.3     -459.4     -375.5     -146.4     -440.8     -309.9     -296.9     -80.38     -602.6     -203.9     -513.2     -152.3     -136.7     -382.3     -440.9     -140.4       -377      11.28     -263.9     -344.5
     -522.5       -112     -336.6      -5168     -325.8     -405.5     -713.4     -442.3     -247.9     -690.7      -1500     -831.6     -670.7     -310.3     -248.2     -759.6      -1085     -599.3     -326.1     -371.1       -482     -700.2     -814.8     -640.1      -1080     -270.4     -379.5         94     -417.1      -7903      157.9     -417.3     -450.1     -426.9     -667.5      -1142     -656.7     -735.9       -619     -851.8     -522.6     -468.2     -496.7     -666.1       -727     -610.8     -262.4     -638.8      -1261     -492.2     -873.2     -810.2      -1256     -837.2     -457.5     -788.5       -530
       -633     -603.6     -620.5      -1376     -497.9     -672.1     -547.6     -566.4     -312.6      -1165     -251.8     -480.1     -223.7     -525.1     -351.6     -272.5     -900.5     -960.1     -826.7     -845.5     -348.8      -1371     -747.5     -465.2     -410.7       -476     -398.3     -725.5       14.4      157.9      -8135     -422.2      -1507     -655.8     -535.7      -1878     -862.4     -571.1     -184.1     -766.1     -570.4     -634.8     -449.4     -459.5     -747.8     -425.3     -996.6     -363.6     -443.3     -421.7      -1240     -794.4     -440.8      -32.6      -1437     -122.4     -403.8
     -615.6     -390.7     -508.3      -1642     -294.3     -696.2     -582.4     -623.2     -372.9     -770.7     -833.8     -766.1     -435.2     -810.2     -697.4     -405.7     -818.8     -735.7       -492     -479.7     -694.6     -505.2     -681.4     -825.2     -573.1     -635.3     -672.2     -663.4     -474.6     -417.3     -422.2      -4139      -1033     -857.9      -1074     -541.1      -1148     -732.1     -580.8      -1099       -265      -1018     -836.7     -574.2     -432.7      -1261     -658.5     -579.4     -728.4       -600     -414.5     -647.8      -1027     -762.8     -486.6     -444.2     -499.7
     -243.6       -466     -536.4        358     -522.5     -692.2     -285.9     -442.7     -140.9     -586.9     -384.8     -206.7       -128     -826.4     -309.6     -295.8     -454.5     -566.1      103.7     -679.4      -1721     -179.2     -796.2     -170.7      -1566     -317.7      -1134     -663.4     -597.8     -450.1      -1507      -1033 -1.411e+04     -857.6       -804     -235.2      -1092      -1010     -612.4     -863.8      -1034      -1122      -7.49     -206.5     -152.3        247       -631     -532.4      -1158     -398.5      170.4      -1279     -303.3     -140.4      59.17     -626.9     -493.1
     -550.3     -539.5       1004      871.3     -841.2     -688.2     -640.9     -785.2     -604.7     -681.8       -564     -662.5     -469.6     -489.1     -275.1     -668.5       -612     -482.8     -456.7     -818.2     -677.7     -924.9     -651.5     -996.7      -1184     -383.6      -1133       -791     -273.6     -426.9     -655.8     -857.9     -857.6      -6402     -963.2      -1244     -783.1     -994.1     -659.2     -604.4     -411.9      -1086     -308.9     -542.9     -463.8     -996.8     -903.8     -686.8     -694.9     -399.6      -1079       -635      -1369     -717.7     -395.1     -338.3     -554.4
     -953.9     -496.9      963.4      -1009       -336     -388.4     -762.2     -597.1     -356.5       -867     -648.3      -1107     -567.8     -898.3      -1311     -860.3     -793.2     -429.9     -487.1      -1109     -536.9     -805.8      -1109     -808.2     -462.3     -471.1     -610.8       -582     -198.3     -667.5     -535.7      -1074       -804     -963.2      -6600      -1798     -826.8     -913.8     -755.9      -1587     -973.4      -1112     -873.3      -1060     -173.4      -1799      -1283     -289.7     -834.8     -933.1     -997.1     -936.1     -811.3       -880     -692.5     -610.1     -228.1
      -1374     -721.6      -1267      85.45     -655.6     -972.1     -412.7     -354.8     -650.5     -931.7     -341.1     -373.5     -534.2     -602.1      -1677      -1159     -958.8     -721.6     -724.6      -1158      -31.5     -21.14      -1194     -949.6     -999.7       -823      -1119     -7.896      20.14      -1142      -1878     -541.1     -235.2      -1244      -1798 -2.902e+04      -1683     -937.8     -211.5      -3520      -1476     -327.3     -206.5     -607.1     -150.7      419.4     -906.8     -234.9     -789.1     -833.6      -2292      -1695      -2372     -919.2      -1767      51.21     -864.1
       -199      -1071      -2152      445.1     -538.2     -884.2     -658.1      -1022     -455.6     -960.1       -820     -390.4     -480.1      -1347      -2096     -670.2     -925.2     -904.4     -374.2     -899.9     -960.4      -2570     -488.1     -33.94      -1213     -570.3     -854.4     -721.5     -543.3     -656.7     -862.4      -1148      -1092     -783.1     -826.8      -1683 -1.568e+04      -1512      -1420      -3566     -179.3     -538.7     -735.5     -877.5     -460.5      -1112      167.2      -1885     -757.1      -1128     -48.93      -1011     -682.6     -258.2     -691.9      -1664     -499.8
       -737       -551        310      346.2       -458       -948     -743.5      -1001     -514.1     -475.1     -647.4     -707.1     -944.8     -534.6      -1121     -442.8     -513.7     -440.4     -611.9      -1225     -654.9      -1133     -802.6     -783.9      -1145     -624.6     -826.1       -594     -251.3     -735.9     -571.1     -732.1      -1010     -994.1     -913.8     -937.8      -1512      -4533     -615.5     -967.5     -439.3     -711.2     -531.1     -667.6     -850.2      -1035     -967.5     -603.1       -653     -596.3      -1076     -623.6     -603.6       -318     -790.7     -554.4     -437.4
     -413.1     -434.5      737.8     -127.8     -752.3     -226.7     -686.6       -955     -499.6     -437.9       -198     -416.1     -416.6     -484.6      -1298     -217.6     -627.1     -700.1     -421.9     -711.3     -546.3     -625.1     -669.8     -428.7     -620.8     -525.7     -332.4     -634.3     -459.4       -619     -184.1     -580.8     -612.4     -659.2     -755.9     -211.5      -1420     -615.5      -4302      -1301     -602.8      -1050     -344.6     -283.2     -386.5       -992     -271.1       -741     -570.3     -516.4     -234.3     -899.8     -344.3     -380.2       -445     -831.2       -440
      -2400      -1211      -2082     -124.5     -539.6     -875.7     -670.4     -558.2     -928.2      -1084     -506.8     -250.6     -629.3      -1069      -1884     -409.3     -984.8      138.1     -521.4      -1095     -417.2     -559.1      -1123      -1564     -719.7     -439.1      -1296      0.104     -375.5     -851.8     -766.1      -1099     -863.8     -604.4      -1587      -3520      -3566     -967.5      -1301 -2.623e+04      -2531      -1316     -603.6      -2053       -292     -719.8      -1310     -434.8     -403.4       -993      -1019      -1163     -522.9      -1798     -629.2      -1283      -1033
     -608.3     -610.7      -2362      518.5     -253.2     -497.6     -223.2     -44.36     -559.6     -582.3      -1278     -221.3       -656     -382.2      -1205     -655.3     -382.4     -667.9     -60.92     -607.5     -648.6       -530     -657.9     -792.4      -1144     -546.3     -734.3     -196.1     -146.4     -522.6     -570.4       -265      -1034     -411.9     -973.4      -1476     -179.3     -439.3     -602.8      -2531      -6890     -672.1     -314.2     -420.2      -11.4     -278.1     -116.5     -600.4     -680.8     -593.9     -73.24     -712.7      -1002       -697     -829.4     -942.9     -567.2
     -636.7     -554.9      908.7      797.8     -657.8     -549.3     -818.6     -396.6     -509.2      -1148     -27.25       -440     -559.4       -795      -1792      -1228     -531.9     -564.3     -603.4     -828.7     -419.3     -995.6     -907.5     -710.7     -416.2     -780.1     -412.1     -494.4     -440.8     -468.2     -634.8      -1018      -1122      -1086      -1112     -327.3     -538.7     -711.2      -1050      -1316     -672.1      -7703     -790.4       -484      90.33     -385.4      -1679     -567.2     -563.3     -843.2     -275.7     -896.2      -1706     -39.74     -714.7     -596.7     -471.9
     -538.7     -281.1     -199.1      -3223     -377.9     -877.9     -233.7     -886.4       -410     -699.4     -703.8     -423.5     -554.9     -670.2     -219.3     -579.8       -493     -854.4     -554.8     -358.7     -377.3     -310.4     -765.9     -588.9     -738.5     -119.7     -344.1     -376.9     -309.9     -496.7     -449.4     -836.7      -7.49     -308.9     -873.3     -206.5     -735.5     -531.1     -344.6     -603.6     -314.2     -790.4      -5471     -468.7      -1270       -895     -360.5     -903.8     -774.4       -578     -348.8     -714.9     -396.4     -296.1       -693     0.4524     -387.1
     -725.8     -476.5      -2656      -1952     -282.5     -522.9     -464.2     -336.4     -657.6     -552.8     -422.1     -661.3     -461.6     -681.7     -452.3     -458.6     -730.6     -668.1     -658.4       -683     -269.9     -432.6     -652.5      -1130     -397.8     -325.2     -733.7     -383.9     -296.9     -666.1     -459.5     -574.2     -206.5     -542.9      -1060     -607.1     -877.5     -667.6     -283.2      -2053     -420.2       -484     -468.7      -4687       -835      -1117     -564.9       -415     -675.9     -391.7      -1004     -395.2     -415.6     -65.56     -652.8     -244.8     -460.5
     -639.9     -531.8       -557      -1976       -537       -600     -174.5     -594.7     -504.7     -62.73     -475.8      45.06     -130.2     -654.6     -237.8     -402.2     -439.6     -174.7     -981.1     -773.5     -517.1     -392.1     -965.4     -717.2     -796.6     -242.8     -410.4     -233.2     -80.38       -727     -747.8     -432.7     -152.3     -463.8     -173.4     -150.7     -460.5     -850.2     -386.5       -292      -11.4      90.33      -1270       -835 -1.311e+04      -3960      -1156      -1365       -865      -1129      -1062     -870.9     -877.2     -732.8     -680.7     -552.2     -687.4
     -670.4     -630.7     -343.2      -7999     -262.5     -614.2     -424.5     -23.11       -475        248      -2894     -394.9     -853.4     -289.2       -946     -480.8     -635.1     -441.7      -1143     -279.2     -373.8     -637.6     -978.7     -295.6      -1924     -881.3     -792.6     -679.3     -602.6     -610.8     -425.3      -1261        247     -996.8      -1799      419.4      -1112      -1035       -992     -719.8     -278.1     -385.4       -895      -1117      -3960 -2.357e+04     -942.7     -468.3     -381.6     -179.5     -443.9     -859.9      -1372      -1327      -1002      -1492     -229.7
     -848.5     -271.8      961.2      783.7     -88.09     -649.7     -310.4       -454     -306.2     -700.1      -2187     -792.9     -936.4     -827.4       -851      -1131     -513.1     -343.1     -497.3     -807.1     -693.8     -912.7     -521.3        -81     -927.7      -1494     -123.5     -683.8     -203.9     -262.4     -996.6     -658.5       -631     -903.8      -1283     -906.8      167.2     -967.5     -271.1      -1310     -116.5      -1679     -360.5     -564.9      -1156     -942.7 -1.623e+04      -1728     -475.5      -1310      -1651     -562.4      -2104     -427.4     -638.2     -779.9      -66.3
     -128.1      -1019      966.5      786.9      140.3      115.3     -175.9     -786.9     -685.5     -357.6     -380.7     -217.8     -205.4      -1125      -1158     -300.6     -939.5       -642     -60.51      -1392     -373.7     -879.8       -815       -308      -1661      -1129     -484.6     -915.1     -513.2     -638.8     -363.6     -579.4     -532.4     -686.8     -289.7     -234.9      -1885     -603.1       -741     -434.8     -600.4     -567.2     -903.8       -415      -1365     -468.3      -1728 -1.649e+04     -932.7     -281.1     -402.8     -188.1      -1153     -369.9     -359.5     -410.7     -367.1
       -403     -225.6      370.6      -1077     -540.5     -539.4     -566.7     -495.4     -220.1     -818.9      -1371     -461.4     -388.2     -905.4     -519.8     -721.8       -494     -672.8     -692.6     -837.5     -564.3     -932.1     -712.4       -962      -1046     -650.1     -276.7     -178.6     -152.3      -1261     -443.3     -728.4      -1158     -694.9     -834.8     -789.1     -757.1       -653     -570.3     -403.4     -680.8     -563.3     -774.4     -675.9       -865     -381.6     -475.5     -932.7      -6773     -892.5     -391.1     -115.9      -1371     -277.9     -656.5     -278.7     -368.4
     -455.9     -528.8     -138.2     -431.5     -227.1     -651.5       -246       -350     -418.5      -1095     -828.8     -538.4     -402.2     -786.7     -368.9     -775.2     -356.9     -562.9     -175.8     -440.3     -344.2     -34.05     -459.7     -516.6     -863.5     -583.1     -340.6     -308.8     -136.7     -492.2     -421.7       -600     -398.5     -399.6     -933.1     -833.6      -1128     -596.3     -516.4       -993     -593.9     -843.2       -578     -391.7      -1129     -179.5      -1310     -281.1     -892.5      -5511     -290.6     -266.9     -785.6     -578.7     -412.5     -151.2     -374.2
      -1466       -919      -2756      -1884     -390.3     -652.1     -457.1      -1247     -507.5      -1446      -2226     -355.2     -471.3     -786.7     -450.1       -515     -821.2      -1422      -1065      -1366     -137.5     -465.6     -534.1      -1390     -875.9      -1256     -599.7      -1137     -382.3     -873.2      -1240     -414.5      170.4      -1079     -997.1      -2292     -48.93      -1076     -234.3      -1019     -73.24     -275.7     -348.8      -1004      -1062     -443.9      -1651     -402.8     -391.1     -290.6  -2.01e+04     -405.9      -1213     -450.3     -191.6      -2263     -172.9
     -743.2     -500.6     -947.1      -1695     -609.7       -545     -757.9      -1078     -337.8       -320     -82.36     -226.7     -695.2     -601.9     -804.8     -393.5     -872.6     -735.9     -407.1     -599.8     -245.8     -437.8     -988.8     -405.9      -1324     -244.4     -479.4     -708.3     -440.9     -810.2     -794.4     -647.8      -1279       -635     -936.1      -1695      -1011     -623.6     -899.8      -1163     -712.7     -896.2     -714.9     -395.2     -870.9     -859.9     -562.4     -188.1     -115.9     -266.9     -405.9      -6372     -946.7       -710     -744.7     -744.8     -542.3
      -1203     -916.1      562.6      -2390     -629.4     -979.6     -819.8     -642.8       -620     -223.1     -598.1      -1042     -656.6     -501.3     -829.5     -928.8      -1280       -243     -661.1     -512.2      -1012     -295.2     -933.2     -837.8       -517     -460.1       -255     -355.9     -140.4      -1256     -440.8      -1027     -303.3      -1369     -811.3      -2372     -682.6     -603.6     -344.3     -522.9      -1002      -1706     -396.4     -415.6     -877.2      -1372      -2104      -1153      -1371     -785.6      -1213     -946.7 -1.465e+04     -877.6      -1222     -880.7     -30.69
     -933.4     -93.29      380.5      -2885     -591.1     -587.6     -651.9     -305.2     -464.3     -656.9     -869.8     -403.8     -694.5     -211.2      -1243     -909.3       -592     -403.9     -236.7     -270.9     -728.1     -454.1     -472.7      -1007       -358     -401.7     -244.2     -849.6       -377     -837.2      -32.6     -762.8     -140.4     -717.7       -880     -919.2     -258.2       -318     -380.2      -1798       -697     -39.74     -296.1     -65.56     -732.8      -1327     -427.4     -369.9     -277.9     -578.7     -450.3       -710     -877.6      -8418     -733.1       -450     -293.3
     -652.8     -623.6      -2789      -1525     -519.1     -747.3     -477.1     -831.1       -614     -195.4       -448      -1211     -623.8     -579.8     -895.4      -1058     -314.4     -737.6     -235.3     -909.2     -410.6     -295.6       -824     -385.7     -727.4       -610     -157.4       -756      11.28     -457.5      -1437     -486.6      59.17     -395.1     -692.5      -1767     -691.9     -790.7       -445     -629.2     -829.4     -714.7       -693     -652.8     -680.7      -1002     -638.2     -359.5     -656.5     -412.5     -191.6     -744.7      -1222     -733.1      -8253     -96.87     -308.5
       -579     -439.8      70.63     -544.3     -245.6     -149.3     -469.5     -186.4     -271.3     -95.59      -1124     -492.8     -807.7     -537.8     -256.7     -529.4     -459.4     -68.47      -3.89     -512.3     -578.4     -890.4     -497.3     -717.5     -643.8     -693.5     -254.7     -220.5     -263.9     -788.5     -122.4     -444.2     -626.9     -338.3     -610.1      51.21      -1664     -554.4     -831.2      -1283     -942.9     -596.7     0.4524     -244.8     -552.2      -1492     -779.9     -410.7     -278.7     -151.2      -2263     -744.8     -880.7       -450     -96.87      -8009     -211.4
     -502.5     -408.2     -648.6     -421.4     -186.3     -381.9     -684.3     -192.6     -444.5     -457.4     -413.9     -293.7     -504.9     -553.5       -507     -206.8     -568.9     -607.4     -300.8     -533.5     -609.8     -156.8     -556.8     -474.4     -364.4     -325.8     -416.9       -629     -344.5       -530     -403.8     -499.7     -493.1     -554.4     -228.1     -864.1     -499.8     -437.4       -440      -1033     -567.2     -471.9     -387.1     -460.5     -687.4     -229.7      -66.3     -367.1     -368.4     -374.2     -172.9     -542.3     -30.69     -293.3     -308.5     -211.4      -2751
