
 30

(((((t14: 0.121279, ((t19: 0.024495, t23: 0.035130): 0.034324, t20: 0.106535): 0.060875): 0.007632, t11: 0.155094): 0.030435, (t3: 0.045650, t18: 0.038963): 0.116942): 0.029099, (t29: 0.139470, (t25: 0.042533, t24: 0.031722): 0.114505): 0.023430): 0.179311, ((t22: 0.182228, (t9: 0.156773, (t28: 0.097683, t8: 0.075438): 0.045440): 0.079099): 0.065342, (t30: 0.112020, t15: 0.084356): 0.158941): 0.052017, (((t6: 0.077737, t17: 0.102904): 0.159374, ((t7: 0.077444, t4: 0.104143): 0.102228, (t16: 0.132889, (t1: 0.004287, t10: 0.002631): 0.113402): 0.107528): 0.022302): 0.051684, (t21: 0.218559, ((t5: 0.136031, (t2: 0.090570, t26: 0.114250): 0.049222): 0.081423, ((t13: 0.121175, t12: 0.142122): 0.056506, t27: 0.164266): 0.070956): 0.019545): 0.049385): 0.085582);

  0.179311  0.029099  0.030435  0.007632  0.121279  0.060875  0.034324  0.024495  0.035130  0.106535  0.155094  0.116942  0.045650  0.038963  0.023430  0.139470  0.114505  0.042533  0.031722  0.052017  0.065342  0.182228  0.079099  0.156773  0.045440  0.097683  0.075438  0.158941  0.112020  0.084356  0.085582  0.051684  0.159374  0.077737  0.102904  0.022302  0.102228  0.077444  0.104143  0.107528  0.132889  0.113402  0.004287  0.002631  0.049385  0.218559  0.019545  0.081423  0.136031  0.049222  0.090570  0.114250  0.070956  0.056506  0.121175  0.142122  0.164266

  0.000000  0.000000  0.000000  0.000000  0.000000  0.000000  0.000000  0.000000  0.000000  0.000000  0.000000  0.000000  0.000000  0.000000  0.000000  0.000000  0.000000  0.000000  0.000000  0.000000  0.000000  0.000000  0.000000  0.000000  0.000000  0.000000  0.000000  0.000000  0.000000  0.000000  0.000000  0.000000  0.000000  0.000000  0.000000  0.000000  0.000000  0.000000  0.000000  0.000000  0.000000  0.000000  0.000000  0.000000  0.000000  0.000000  0.000000  0.000000  0.000000  0.000000  0.000000  0.000000  0.000000  0.000000  0.000000  0.000000  0.000000


Hessian

      -3767     -599.6     -264.5      -1333      -1080     -572.3     -610.1     -886.6     -393.8     -381.1     -362.1     -569.8     -581.7     -952.4     -560.1     -409.6     -392.9     -308.4     -224.8     -741.3     -610.1     -321.5     -639.8     -588.2     -162.1     -285.7     -412.8     -383.5       -759       -306     -452.8      27.17     -461.2      89.44     -315.3     -563.9     -125.5     -614.5     -510.3       -841     -334.3     -511.1     -105.7        932     -299.5     -415.6     -584.6     -525.6     -487.7     -577.9     -276.3     -470.1     -510.8     -376.1     -703.2     -647.1     -570.7
     -599.6  -1.93e+04      -1326      -2356     -241.9       -673     -672.9     -217.9     -906.3     -626.9      -1062     -366.9     -442.8     -147.7      -3906      -1174      -1130      71.13      80.64     -806.7     -681.2     -894.6     -401.8     -828.4      118.4     -345.4     -687.8     -755.9     -738.9     -44.75     -79.81      218.4      -1222     -187.4     -160.6      -1562     -37.51     -762.8       -106     -547.6     -197.5      -1336      -6923     -1e+04      -1083      -1275     -523.3     -416.5      260.8     -579.5     -620.9     -984.7     -426.2     -802.8     -589.6     -649.4      206.3
     -264.5      -1326 -2.224e+04      -3350     -194.2     -379.6      -1137     -341.9      462.6     -481.7      23.42     -513.3     -177.7      305.5      -1669     -404.9     -847.7      -1065     -692.6      -1373     -201.7     -344.1      301.7      -1631      191.7     -273.1      294.6     -737.5     -8.056     -777.4     -312.9     -168.1     -641.8     -637.6     -165.9     -986.8     -638.8      -1299     -527.4     -806.9      -1347       -164      603.5      824.3     -769.9     -490.5     -139.3     -73.12     -709.5     -405.1      -1085     -768.1     -854.9     -402.2      121.6     -850.6     -979.3
      -1333      -2356      -3350 -5.133e+04      -2344      -3032      -2108      -4613      -3813      -1092     -768.5     -489.6      368.8      199.7     -812.5     -222.6      226.6      -3527      -3435     -898.2     -945.1      -1168      -1037      11.56      402.9     -897.3      11.03     -74.54      -1112     -794.8     -781.3     -391.7     -428.7      -2819     -267.6      382.8      -1233       -867     -589.5     -351.4      393.4     -401.3      106.7      871.2      252.8      -1109     -227.6     -659.2     -907.1      156.5      46.05      -1766     -669.9      -1151      -2016     -778.1      -1531
      -1080     -241.9     -194.2      -2344      -6852     -383.3     -666.5     -586.2      -1182     -663.5     -739.9     -847.3     -637.7       -768     -795.8     -627.4      -1122     -997.5     -933.7     -683.5       -747     -836.5     -934.3     -983.2     -635.7     -502.8     -792.5     -447.2     -263.3     -418.6     -364.5        236     -353.2     -583.5     -901.6     -937.4       -718     -251.9     -266.7     -408.4     -502.4      -1051     -688.8       1057       -229     -270.1     -548.9     -734.2     -604.7     -917.9      81.03     -176.8     -883.4     -41.15      -1127     -505.9     -643.3
     -572.3       -673     -379.6      -3032     -383.3 -1.228e+04      -1654      -1206     -836.4       -351       -558      -1348     -752.2      -1139     -858.4     -490.8     -416.9      -1736      -1573      -1259     -505.9     -705.2     -553.3     -639.3     -454.3     -288.3     -968.2     -565.3     -767.4     -516.3     -158.9     -454.8     -504.7     -587.8     -16.71      -1732      -1013       -412     -535.1     -153.6      -1087     -829.9      834.8       1042     -333.7      -1161     -707.3      -1167     -592.7     -894.9     -170.2     -509.6       -957      -1222     -528.8     -856.8     -278.5
     -610.1     -672.9      -1137      -2108     -666.5      -1654 -2.202e+04      164.7     -166.6      -1082       -301     -778.8     -70.29     -415.8     -419.6      -1486      -1370     -321.5     -125.7     -955.8       16.9     -314.6     -505.5      -1034     -92.91      -1147     -656.6     -589.6     -256.9     -497.8      -2042      288.1     -666.9       -582     -257.9      -1702     -674.8      -1161       -596     -217.4     -301.3      15.76     -201.8       1059     -346.4       -676     -94.22     -216.1     -282.7       -163      138.9      -1749      -1166      -2181      -1136     -487.5        454
     -886.6     -217.9     -341.9      -4613     -586.2      -1206      164.7 -3.387e+04      -3623      -1091      243.2      -1422     -390.9      -2032      -1573     -78.92     -349.5      -2044      -2538      -2423     -388.5     -807.4       24.4     -445.8     -46.88      -1232      -1135      -1034      -1254     -703.9     -458.2      89.52     -773.8     -973.2     -524.9     -532.8     -260.5     -763.1       -945     -176.8     -667.3     -968.9      931.1       1130     -113.3     -773.3      -2027     -510.7       -904     -259.2     -848.2     -390.8      -1182     -49.14      -1371     -356.1     -853.2
     -393.8     -906.3      462.6      -3813      -1182     -836.4     -166.6      -3623 -2.514e+04     -861.5     -449.7     -449.5     -293.5     -290.7      -2800     -606.5     -493.8      -1360     -782.3     -144.9     -453.5     -495.3     -743.9     -138.9     -705.4     -852.4     -94.49       -526     -838.5     -352.2     -115.7      -1781     0.3176      -1125      9.635      -2479      -1439      -1765     -989.2     -285.7     -931.4     -883.7      893.5       1088     -299.3     -592.6     -841.5     -23.67      100.9     -430.6     -419.8     -869.9     -368.2      356.2     -234.1      -1410     -946.9
     -381.1     -626.9     -481.7      -1092     -663.5       -351      -1082      -1091     -861.5      -7762     -597.7       -774       -421     -771.8     -640.7     -701.5     -571.2      -1128      -1585      -1140     -276.6     -449.8      -45.9     -693.7     -745.5     -530.3      -1317       -485     -784.5     -703.6     -646.7     -385.5     -719.6     -931.4     -449.6     -758.9     -367.2     -782.2     -444.1       -739     -671.1     -761.7      -1041      -2247     -265.6     -834.3      -1240     -257.1       -411     -598.3      -1135     -749.2     -639.4     -748.8     -680.2     -648.2     -654.5
     -362.1      -1062      23.42     -768.5     -739.9       -558       -301      243.2     -449.7     -597.7      -5241     -159.8     -514.4     -507.9     -502.4     -727.4     -960.7       -189     -484.3     -563.7       -356     -96.16     -530.2     -510.5     -383.3     -455.9     -672.2     -668.1     -296.3     -598.9     -519.3     -83.55     -606.8     -40.48     -475.9     -410.2     -640.7     -845.1     -326.4     -416.6     -563.7     -607.5      356.5       -991     -521.6     -459.1     -792.4     -694.5     -469.4     -259.3     -927.2     -416.1     -723.8     -518.7     -672.9       -485     -261.3
     -569.8     -366.9     -513.3     -489.6     -847.3      -1348     -778.8      -1422     -449.5       -774     -159.8      -6821     -708.9      -1027     -997.9     -527.5       -540     -268.1     -497.6      -1225     -234.3     -550.2     -773.3     -763.7     -772.1     -785.9     -425.5     -417.1      -1119     -672.8     -528.2     -267.8     -466.5     -453.6     -594.5      -1004     -511.8     -671.5     -259.8      -1015     -971.4       -721      248.3       -715       -693     -838.7     -733.8       -794     -928.6     -298.6     -805.4     -934.9     -599.2     -889.2     -809.6       -628     -703.3
     -581.7     -442.8     -177.7      368.8     -637.7     -752.2     -70.29     -390.9     -293.5       -421     -514.4     -708.9 -1.837e+04      -3361     -964.3     -918.1      -1414      -2307      -2056      -1292     -206.6     -213.3     -192.2     -883.3     -112.4     -810.4      -1572      12.17      -1161     -948.6     -80.51     -808.5     -355.8      -1841      -1753      137.6       15.9      -1679      -1017     -841.7     -463.1     -197.3      -4511      -2742     -41.21     -270.2      -1501      -1252     -905.6      -1126     -87.49      -1051     -454.6     -497.8     -358.6     -257.2       65.9
     -952.4     -147.7      305.5      199.7       -768      -1139     -415.8      -2032     -290.7     -771.8     -507.9      -1027      -3361 -2.075e+04      -1540     -621.4      -1534     -715.8      -2520      -2107     -527.5     -705.7        117     -933.5     -536.2     -379.9     -324.6     -386.8      -1026     -745.1     -649.8      97.09       -823     -433.6       -346     -367.9     -24.11     -869.9      -1127     -372.7     -960.7     -683.6       -390      -6192      80.22     -258.5      187.3     -529.3     -767.5      -1392       -479      -1086      -1684      -1657     -767.7     -691.5     -204.3
     -560.1      -3906      -1669     -812.5     -795.8     -858.4     -419.6      -1573      -2800     -640.7     -502.4     -997.9     -964.3      -1540 -2.083e+04      -1135      -1382     -945.2       -808     -929.5     -825.9       -850      75.75     -878.1     -402.6      -1087      -1031     -906.6     -587.3     -727.5     -347.6     -80.23      -1293     -929.8      -1547     -227.2       -540      -1024     -305.6     -736.9       -904      -1326      -1348      287.5      212.9     -472.2      -1373     -729.7     -33.85     -911.8     -893.4      -1401     -766.6      -1175      -1339     -818.4     -626.7
     -409.6      -1174     -404.9     -222.6     -627.4     -490.8      -1486     -78.92     -606.5     -701.5     -727.4     -527.5     -918.1     -621.4      -1135      -5581       -566     -473.4     -853.1      -1004     -132.3     -307.5     -522.8     -747.8     -313.6     -528.2      -1036     -540.2       -454     -482.7     -503.5     -449.7     -603.8     -620.3     -628.1     -535.9     -596.5      -1015     -490.3     -430.5     -464.9       -203      -1218      -1175      -1256     -674.9      -1430      -1098     -419.9     -572.6     -610.3     -920.9     -813.1     -383.9     -761.1     -539.5     -726.3
     -392.9      -1130     -847.7      226.6      -1122     -416.9      -1370     -349.5     -493.8     -571.2     -960.7       -540      -1414      -1534      -1382       -566      -6878     -353.4     -770.9     -745.8     -394.5     -616.1     -316.6      -1036     -67.04       -500     -512.7     -330.6       -591     -543.8     -784.6     -569.8     -717.9     -963.7     -418.6      -1383     -654.7     -641.3     -738.6     -673.6     -480.2     -899.1      -1446       1072     -451.3     -599.8     -732.5      -1013     -669.7      -1243       -137     -540.7     -795.2     -914.5     -517.5     -595.4     -506.1
     -308.4      71.13      -1065      -3527     -997.5      -1736     -321.5      -2044      -1360      -1128       -189     -268.1      -2307     -715.8     -945.2     -473.4     -353.4 -1.988e+04      -4425      -1586     -296.6     -173.9     -397.8     -711.1     -751.9       -525     -532.9     -914.5     -451.3     -340.3     -352.8      -1147     -689.8      -1528     -181.1     -419.8     -843.8     -184.4     -735.9       -173     -783.1     -114.2      -3654       1069     -944.8       -440      -2123     -764.2     -450.4     -90.68     -154.6       -925      -1237      -1196     -159.2     -466.5     -745.2
     -224.8      80.64     -692.6      -3435     -933.7      -1573     -125.7      -2538     -782.3      -1585     -484.3     -497.6      -2056      -2520       -808     -853.1     -770.9      -4425 -2.508e+04     -447.8      504.4     -251.2     -528.4       -581      -1282      -1398     -344.9     -628.5     -406.4     -954.2     -441.4     -652.8     -536.5      -1169       -526      -1246     -451.7      -1417      -1085     -208.3      -1629     -380.7      125.6       1255     -273.3       -477      -2066     -35.52     -622.2     -79.23     -700.6     -638.3      -1388     -703.7     -163.8     -454.9     -979.3
     -741.3     -806.7      -1373     -898.2     -683.5      -1259     -955.8      -2423     -144.9      -1140     -563.7      -1225      -1292      -2107     -929.5      -1004     -745.8      -1586     -447.8      -9844      -1605     -207.4     -201.9      -1032      185.4     -522.5     -789.1     -578.2       -789     -603.4      -1185      -18.1     -573.1     -330.1     -696.7     -104.2     -20.42     -995.7     -428.6     -477.7     -765.2     -429.5     -357.9      -4155    -0.7784      -1007     -509.4     -704.4     -912.9     -285.7       -509     -941.1     -138.7       -703     -773.4     -432.4     -532.6
     -610.1     -681.2     -201.7     -945.1       -747     -505.9       16.9     -388.5     -453.5     -276.6       -356     -234.3     -206.6     -527.5     -825.9     -132.3     -394.5     -296.6      504.4      -1605      -8349     -303.6       -720     -494.4     -264.5     -214.4     -168.2       -538     -155.5     -285.4     -314.8       -170     -75.87      129.1     -951.8     -27.73     -27.18     -443.5     -920.9       -522     -612.8     -310.9      -3750      143.9     -218.2     -821.5     -65.87     -126.7     -714.6      -1016        158      -1216       -285     -397.8      88.58       -536     -365.8
     -321.5     -894.6     -344.1      -1168     -836.5     -705.2     -314.6     -807.4     -495.3     -449.8     -96.16     -550.2     -213.3     -705.7       -850     -307.5     -616.1     -173.9     -251.2     -207.4     -303.6      -4024     -476.2     -312.5     -566.1     -77.43     -538.4     -530.5     -332.6     -124.4     -189.4      48.65     -411.3     -557.5     -219.4     -896.1     -572.4       -210       -354     -490.3     -321.3     -803.6      -1270      -2515     -132.6     -313.9       -442     -483.2     -635.6     -671.5     -197.1     -526.5     -483.8     -564.3     -210.4     -395.1     -288.9
     -639.8     -401.8      301.7      -1037     -934.3     -553.3     -505.5       24.4     -743.9      -45.9     -530.2     -773.3     -192.2        117      75.75     -522.8     -316.6     -397.8     -528.4     -201.9       -720     -476.2      -7853     -481.7      -1115     -266.3     -646.5     -507.1       -319     -319.8     -249.9     -125.3      63.82     -592.9       -757     -533.7     -611.1     -569.1      80.29     -320.3     -424.4     -604.9      -3340      150.3     -290.9     -205.3     -290.4     -426.2       -325     -731.5     -296.6     -235.7     -614.2       44.7       -372       -604     -495.2
     -588.2     -828.4      -1631      11.56     -983.2     -639.3      -1034     -445.8     -138.9     -693.7     -510.5     -763.7     -883.3     -933.5     -878.1     -747.8      -1036     -711.1       -581      -1032     -494.4     -312.5     -481.7      -4781      -1131     -533.6     -693.2       -467     -379.9     -505.3     -618.3     -513.1     -644.4     -631.4     -784.8     -487.7     -286.1       -818     -238.4     -828.8     -821.7     -669.5      -1876      -1013     -553.7     -542.5     -259.7     -525.5     -911.9      -1042     -486.8     -541.6     -698.9     -502.8     -837.8     -547.9       -570
     -162.1      118.4      191.7      402.9     -635.7     -454.3     -92.91     -46.88     -705.4     -745.5     -383.3     -772.1     -112.4     -536.2     -402.6     -313.6     -67.04     -751.9      -1282      185.4     -264.5     -566.1      -1115      -1131 -1.355e+04     -584.7     -703.9     -192.6     -647.6     -922.6     -227.5      2.507     -634.4     -397.8     -295.8     -13.88       -359      -1137     -139.3     -332.5     -431.3     -346.1     -947.1     -228.4     -934.4       -457     -693.7       -184     -545.9     -571.7     -454.3     -376.7     -521.3     -2.625     -50.78     -431.6      183.6
     -285.7     -345.4     -273.1     -897.3     -502.8     -288.3      -1147      -1232     -852.4     -530.3     -455.9     -785.9     -810.4     -379.9      -1087     -528.2       -500       -525      -1398     -522.5     -214.4     -77.43     -266.3     -533.6     -584.7      -8039      -1084     -429.1     -591.4       -728     -998.6      9.419     -504.8     -711.9     -99.71     -211.5      38.82       -477     -76.91      10.81     -308.4     -584.3        255      -2149     -222.5     -595.7     -786.1       -640     -345.8      138.6        2.7     -644.3     -638.5     -656.8     -170.2       -343     -340.6
     -412.8     -687.8      294.6      11.03     -792.5     -968.2     -656.6      -1135     -94.49      -1317     -672.2     -425.5      -1572     -324.6      -1031      -1036     -512.7     -532.9     -344.9     -789.1     -168.2     -538.4     -646.5     -693.2     -703.9      -1084 -1.025e+04     -193.5     -572.1     -695.7     -903.1     -628.8     -983.7     -866.3       -791     -862.2     -422.2     -879.2     -632.8     -762.4     -377.8       -897      -1871      933.5      -1936      -1173     -321.2     -913.3     -484.4     -488.3     -43.06     -632.4     -59.83     -123.8      178.7      256.9     -779.4
     -383.5     -755.9     -737.5     -74.54     -447.2     -565.3     -589.6      -1034       -526       -485     -668.1     -417.1      12.17     -386.8     -906.6     -540.2     -330.6     -914.5     -628.5     -578.2       -538     -530.5     -507.1       -467     -192.6     -429.1     -193.5      -4336     -282.4     -238.3     -367.4       -536     -369.6       -557     -447.8     -419.3     -558.2     -450.8     -387.1       -452     -517.7     -207.4      489.7      516.5       -299       -298     -244.9     -556.2     -181.3     -92.36     -291.4       -342     -245.3     -133.2       -449     -490.4     -284.3
       -759     -738.9     -8.056      -1112     -263.3     -767.4     -256.9      -1254     -838.5     -784.5     -296.3      -1119      -1161      -1026     -587.3       -454       -591     -451.3     -406.4       -789     -155.5     -332.6       -319     -379.9     -647.6     -591.4     -572.1     -282.4      -6652      -1185     -894.7     -881.4     -561.3     -51.46       -656     -116.8     -328.7     -466.2     -634.6     -475.2     -638.9     -619.5      636.5      -1995     -583.1     -520.9     -943.4     -576.9     -806.8     -772.6     -835.9      -1178     -474.6     -532.8     -524.2     -706.1     -535.3
       -306     -44.75     -777.4     -794.8     -418.6     -516.3     -497.8     -703.9     -352.2     -703.6     -598.9     -672.8     -948.6     -745.1     -727.5     -482.7     -543.8     -340.3     -954.2     -603.4     -285.4     -124.4     -319.8     -505.3     -922.6       -728     -695.7     -238.3      -1185      -8444     -638.5       -669     -607.1      -1034     -854.1     -450.4      -1095     -480.8     -995.2     -412.2     -341.6       -816      -1831      728.6     -451.8     -785.1     -204.1     -682.5       -646      -1111     -947.6     -777.1     -452.5         34     -221.7     -592.1     -120.3
     -452.8     -79.81     -312.9     -781.3     -364.5     -158.9      -2042     -458.2     -115.7     -646.7     -519.3     -528.2     -80.51     -649.8     -347.6     -503.5     -784.6     -352.8     -441.4      -1185     -314.8     -189.4     -249.9     -618.3     -227.5     -998.6     -903.1     -367.4     -894.7     -638.5      -6883     -794.3     -495.6     -736.2     -704.1       -746     -172.3     -562.3       -314     -611.9     -443.7     -529.9      -2053      34.58      -1063     -696.3     -574.5     -552.4     -734.5     -582.5       -143     -518.8     -669.6     -866.7     -409.5     -484.8     -337.2
      27.17      218.4     -168.1     -391.7        236     -454.8      288.1      89.52      -1781     -385.5     -83.55     -267.8     -808.5      97.09     -80.23     -449.7     -569.8      -1147     -652.8      -18.1       -170      48.65     -125.3     -513.1      2.507      9.419     -628.8       -536     -881.4       -669     -794.3 -1.119e+04     -249.5     -897.9     -695.1      -1344     -397.3     -523.9      -1095       -438      -1022       -147     -543.9     -274.5      -1273     -199.9      -1061     -718.5     -473.1     -839.3     -232.2     -587.3     -92.65     -761.2      132.9     -289.9     -630.6
     -461.2      -1222     -641.8     -428.7     -353.2     -504.7     -666.9     -773.8     0.3176     -719.6     -606.8     -466.5     -355.8       -823      -1293     -603.8     -717.9     -689.8     -536.5     -573.1     -75.87     -411.3      63.82     -644.4     -634.4     -504.8     -983.7     -369.6     -561.3     -607.1     -495.6     -249.5      -4449     -300.8     -168.5     -577.6     -520.1     -407.5       -564     -583.6     -539.7     -699.7      -2364      -2234     -867.5       -457     -583.6     -315.2     -161.4     -129.5     -265.6     -497.6     -206.6     -353.2     -516.2     -159.1     -746.9
      89.44     -187.4     -637.6      -2819     -583.5     -587.8       -582     -973.2      -1125     -931.4     -40.48     -453.6      -1841     -433.6     -929.8     -620.3     -963.7      -1528      -1169     -330.1      129.1     -557.5     -592.9     -631.4     -397.8     -711.9     -866.3       -557     -51.46      -1034     -736.2     -897.9     -300.8      -9666      -1294       -739     -713.6     -318.8      -1040     -360.6     -701.9     -487.7     -788.5      863.3     -283.1     -491.4     -476.2     -218.7     -17.16      -1613     -894.5     -488.9     -650.5     -442.4       -491     -847.2     -743.2
     -315.3     -160.6     -165.9     -267.6     -901.6     -16.71     -257.9     -524.9      9.635     -449.6     -475.9     -594.5      -1753       -346      -1547     -628.1     -418.6     -181.1       -526     -696.7     -951.8     -219.4       -757     -784.8     -295.8     -99.71       -791     -447.8       -656     -854.1     -704.1     -695.1     -168.5      -1294      -7541      -1032     -136.3     -758.5     -125.8      -1047     -504.8     -459.7      -3773      866.5     -239.5     -426.6     -834.4     -80.43      -1040      -1056      135.3     -329.7     -528.4       -421     -547.1     -696.9     -247.4
     -563.9      -1562     -986.8      382.8     -937.4      -1732      -1702     -532.8      -2479     -758.9     -410.2      -1004      137.6     -367.9     -227.2     -535.9      -1383     -419.8      -1246     -104.2     -27.73     -896.1     -533.7     -487.7     -13.88     -211.5     -862.2     -419.3     -116.8     -450.4       -746      -1344     -577.6       -739      -1032 -1.942e+04      -1613     -519.1     -434.2     -964.4      -1275     -841.3      -4844      -1186     -914.7     -898.1      -1247     -75.05     -864.5     -204.2     -241.6      -1024      -1273     -321.6     -814.8     -280.5     -279.3
     -125.5     -37.51     -638.8      -1233       -718      -1013     -674.8     -260.5      -1439     -367.2     -640.7     -511.8       15.9     -24.11       -540     -596.5     -654.7     -843.8     -451.7     -20.42     -27.18     -572.4     -611.1     -286.1       -359      38.82     -422.2     -558.2     -328.7      -1095     -172.3     -397.3     -520.1     -713.6     -136.3      -1613      -6810     -598.8       -502       -446     -583.7     -762.4      -2037        800     -588.4     -654.4      -1250     -459.2     -306.6     -347.7     -551.1     -656.9     -463.9     -406.6     -421.6     -558.2     -249.8
     -614.5     -762.8      -1299       -867     -251.9       -412      -1161     -763.1      -1765     -782.2     -845.1     -671.5      -1679     -869.9      -1024      -1015     -641.3     -184.4      -1417     -995.7     -443.5       -210     -569.1       -818      -1137       -477     -879.2     -450.8     -466.2     -480.8     -562.3     -523.9     -407.5     -318.8     -758.5     -519.1     -598.8      -9905      -1395     -601.1     -539.8     -805.8      591.6      57.69       -750     -582.2      74.98     -432.2     -478.2     -230.5     -574.5     -677.2     -707.1     -756.6       -227     -286.1       -727
     -510.3       -106     -527.4     -589.5     -266.7     -535.1       -596       -945     -989.2     -444.1     -326.4     -259.8      -1017      -1127     -305.6     -490.3     -738.6     -735.9      -1085     -428.6     -920.9       -354      80.29     -238.4     -139.3     -76.91     -632.8     -387.1     -634.6     -995.2       -314      -1095       -564      -1040     -125.8     -434.2       -502      -1395      -7684     -603.6     -480.5     -481.2      -1483      -1089      -1055     -411.5      -1536     -157.8     -732.6     -775.7     -421.9     -545.3     -857.8     -961.8       -162     -28.63     -532.4
       -841     -547.6     -806.9     -351.4     -408.4     -153.6     -217.4     -176.8     -285.7       -739     -416.6      -1015     -841.7     -372.7     -736.9     -430.5     -673.6       -173     -208.3     -477.7       -522     -490.3     -320.3     -828.8     -332.5      10.81     -762.4       -452     -475.2     -412.2     -611.9       -438     -583.6     -360.6      -1047     -964.4       -446     -601.1     -603.6      -6153     -691.5     -888.2      493.3      585.1     -541.4       -375     -947.2     -233.9     -596.2     -732.2     -530.6     -592.8     -509.9       -235     -249.2     -368.9     -678.4
     -334.3     -197.5      -1347      393.4     -502.4      -1087     -301.3     -667.3     -931.4     -671.1     -563.7     -971.4     -463.1     -960.7       -904     -464.9     -480.2     -783.1      -1629     -765.2     -612.8     -321.3     -424.4     -821.7     -431.3     -308.4     -377.8     -517.7     -638.9     -341.6     -443.7      -1022     -539.7     -701.9     -504.8      -1275     -583.7     -539.8     -480.5     -691.5      -5414      -1085      464.4      -3115     -673.5     -569.8       -707     -280.5     -571.7     -692.3     -341.5       -485     -938.4       -861     -616.1     -554.3     -522.7
     -511.1      -1336       -164     -401.3      -1051     -829.9      15.76     -968.9     -883.7     -761.7     -607.5       -721     -197.3     -683.6      -1326       -203     -899.1     -114.2     -380.7     -429.5     -310.9     -803.6     -604.9     -669.5     -346.1     -584.3       -897     -207.4     -619.5       -816     -529.9       -147     -699.7     -487.7     -459.7     -841.3     -762.4     -805.8     -481.2     -888.2      -1085      -6245      623.3       -325     -835.3     -535.1     -711.6     -425.1     -741.8      -1185     -311.2       -320     -167.7     -420.4     -936.1     -923.4     -685.6
     -105.7      -6923      603.5      106.7     -688.8      834.8     -201.8      931.1      893.5      -1041      356.5      248.3      -4511       -390      -1348      -1218      -1446      -3654      125.6     -357.9      -3750      -1270      -3340      -1876     -947.1        255      -1871      489.7      636.5      -1831      -2053     -543.9      -2364     -788.5      -3773      -4844      -2037      591.6      -1483      493.3      464.4      623.3  -2.16e+05 -3.415e+04     -48.15     -198.6      789.9     -49.76      598.4      -9786      -1066      -1134      658.7      707.4        807      690.8     -525.6
        932     -1e+04      824.3      871.2       1057       1042       1059       1130       1088      -2247       -991       -715      -2742      -6192      287.5      -1175       1072       1069       1255      -4155      143.9      -2515      150.3      -1013     -228.4      -2149      933.5      516.5      -1995      728.6      34.58     -274.5      -2234      863.3      866.5      -1186        800      57.69      -1089      585.1      -3115       -325 -3.415e+04 -3.337e+05      -3456      634.1      691.3      -3309      939.6      338.3      -2392      853.2      669.5      -1876     -24.23      -1655      562.7
     -299.5      -1083     -769.9      252.8       -229     -333.7     -346.4     -113.3     -299.3     -265.6     -521.6       -693     -41.21      80.22      212.9      -1256     -451.3     -944.8     -273.3    -0.7784     -218.2     -132.6     -290.9     -553.7     -934.4     -222.5      -1936       -299     -583.1     -451.8      -1063      -1273     -867.5     -283.1     -239.5     -914.7     -588.4       -750      -1055     -541.4     -673.5     -835.3     -48.15      -3456 -1.132e+04     -646.4      -3203      -1128     -63.15       -105      79.78      -1192     -879.5     -420.4     -217.1     -493.3     -699.9
     -415.6      -1275     -490.5      -1109     -270.1      -1161       -676     -773.3     -592.6     -834.3     -459.1     -838.7     -270.2     -258.5     -472.2     -674.9     -599.8       -440       -477      -1007     -821.5     -313.9     -205.3     -542.5       -457     -595.7      -1173       -298     -520.9     -785.1     -696.3     -199.9       -457     -491.4     -426.6     -898.1     -654.4     -582.2     -411.5       -375     -569.8     -535.1     -198.6      634.1     -646.4      -3441      -1037     -832.6     -534.2     -568.4     -565.5     -857.2     -213.8     -754.9     -318.1     -451.9     -542.1
     -584.6     -523.3     -139.3     -227.6     -548.9     -707.3     -94.22      -2027     -841.5      -1240     -792.4     -733.8      -1501      187.3      -1373      -1430     -732.5      -2123      -2066     -509.4     -65.87       -442     -290.4     -259.7     -693.7     -786.1     -321.2     -244.9     -943.4     -204.1     -574.5      -1061     -583.6     -476.2     -834.4      -1247      -1250      74.98      -1536     -947.2       -707     -711.6      789.9      691.3      -3203      -1037 -2.114e+04      -1278      -1035     -562.4      18.03     -813.4      -1599     -296.4      51.83     -135.6     -827.4
     -525.6     -416.5     -73.12     -659.2     -734.2      -1167     -216.1     -510.7     -23.67     -257.1     -694.5       -794      -1252     -529.3     -729.7      -1098      -1013     -764.2     -35.52     -704.4     -126.7     -483.2     -426.2     -525.5       -184       -640     -913.3     -556.2     -576.9     -682.5     -552.4     -718.5     -315.2     -218.7     -80.43     -75.05     -459.2     -432.2     -157.8     -233.9     -280.5     -425.1     -49.76      -3309      -1128     -832.6      -1278      -8673       -418     -810.1      -25.9     -548.4     -614.3     -886.3     -219.3     -722.4     -440.5
     -487.7      260.8     -709.5     -907.1     -604.7     -592.7     -282.7       -904      100.9       -411     -469.4     -928.6     -905.6     -767.5     -33.85     -419.9     -669.7     -450.4     -622.2     -912.9     -714.6     -635.6       -325     -911.9     -545.9     -345.8     -484.4     -181.3     -806.8       -646     -734.5     -473.1     -161.4     -17.16      -1040     -864.5     -306.6     -478.2     -732.6     -596.2     -571.7     -741.8      598.4      939.6     -63.15     -534.2      -1035       -418      -5705      -1159      23.16     -600.9     -488.8     -722.1     -837.2     -567.5       -174
     -577.9     -579.5     -405.1      156.5     -917.9     -894.9       -163     -259.2     -430.6     -598.3     -259.3     -298.6      -1126      -1392     -911.8     -572.6      -1243     -90.68     -79.23     -285.7      -1016     -671.5     -731.5      -1042     -571.7      138.6     -488.3     -92.36     -772.6      -1111     -582.5     -839.3     -129.5      -1613      -1056     -204.2     -347.7     -230.5     -775.7     -732.2     -692.3      -1185      -9786      338.3       -105     -568.4     -562.4     -810.1      -1159 -1.277e+04     -724.4     -831.9     -843.3     -310.4     -642.8     -725.5     -393.7
     -276.3     -620.9      -1085      46.05      81.03     -170.2      138.9     -848.2     -419.8      -1135     -927.2     -805.4     -87.49       -479     -893.4     -610.3       -137     -154.6     -700.6       -509        158     -197.1     -296.6     -486.8     -454.3        2.7     -43.06     -291.4     -835.9     -947.6       -143     -232.2     -265.6     -894.5      135.3     -241.6     -551.1     -574.5     -421.9     -530.6     -341.5     -311.2      -1066      -2392      79.78     -565.5      18.03      -25.9      23.16     -724.4      -8657     -842.3     -582.4     -299.2     -325.6     -624.6     -484.5
     -470.1     -984.7     -768.1      -1766     -176.8     -509.6      -1749     -390.8     -869.9     -749.2     -416.1     -934.9      -1051      -1086      -1401     -920.9     -540.7       -925     -638.3     -941.1      -1216     -526.5     -235.7     -541.6     -376.7     -644.3     -632.4       -342      -1178     -777.1     -518.8     -587.3     -497.6     -488.9     -329.7      -1024     -656.9     -677.2     -545.3     -592.8       -485       -320      -1134      853.2      -1192     -857.2     -813.4     -548.4     -600.9     -831.9     -842.3      -7041      -1237     -554.8     -454.5     -422.8     -546.4
     -510.8     -426.2     -854.9     -669.9     -883.4       -957      -1166      -1182     -368.2     -639.4     -723.8     -599.2     -454.6      -1684     -766.6     -813.1     -795.2      -1237      -1388     -138.7       -285     -483.8     -614.2     -698.9     -521.3     -638.5     -59.83     -245.3     -474.6     -452.5     -669.6     -92.65     -206.6     -650.5     -528.4      -1273     -463.9     -707.1     -857.8     -509.9     -938.4     -167.7      658.7      669.5     -879.5     -213.8      -1599     -614.3     -488.8     -843.3     -582.4      -1237      -9185     -974.9     -469.2     -508.8     -483.7
     -376.1     -802.8     -402.2      -1151     -41.15      -1222      -2181     -49.14      356.2     -748.8     -518.7     -889.2     -497.8      -1657      -1175     -383.9     -914.5      -1196     -703.7       -703     -397.8     -564.3       44.7     -502.8     -2.625     -656.8     -123.8     -133.2     -532.8         34     -866.7     -761.2     -353.2     -442.4       -421     -321.6     -406.6     -756.6     -961.8       -235       -861     -420.4      707.4      -1876     -420.4     -754.9     -296.4     -886.3     -722.1     -310.4     -299.2     -554.8     -974.9 -1.059e+04      -1001      -1003     -736.7
     -703.2     -589.6      121.6      -2016      -1127     -528.8      -1136      -1371     -234.1     -680.2     -672.9     -809.6     -358.6     -767.7      -1339     -761.1     -517.5     -159.2     -163.8     -773.4      88.58     -210.4       -372     -837.8     -50.78     -170.2      178.7       -449     -524.2     -221.7     -409.5      132.9     -516.2       -491     -547.1     -814.8     -421.6       -227       -162     -249.2     -616.1     -936.1        807     -24.23     -217.1     -318.1      51.83     -219.3     -837.2     -642.8     -325.6     -454.5     -469.2      -1001      -6377     -810.7     -323.7
     -647.1     -649.4     -850.6     -778.1     -505.9     -856.8     -487.5     -356.1      -1410     -648.2       -485       -628     -257.2     -691.5     -818.4     -539.5     -595.4     -466.5     -454.9     -432.4       -536     -395.1       -604     -547.9     -431.6       -343      256.9     -490.4     -706.1     -592.1     -484.8     -289.9     -159.1     -847.2     -696.9     -280.5     -558.2     -286.1     -28.63     -368.9     -554.3     -923.4      690.8      -1655     -493.3     -451.9     -135.6     -722.4     -567.5     -725.5     -624.6     -422.8     -508.8      -1003     -810.7      -5402     -484.3
     -570.7      206.3     -979.3      -1531     -643.3     -278.5        454     -853.2     -946.9     -654.5     -261.3     -703.3       65.9     -204.3     -626.7     -726.3     -506.1     -745.2     -979.3     -532.6     -365.8     -288.9     -495.2       -570      183.6     -340.6     -779.4     -284.3     -535.3     -120.3     -337.2     -630.6     -746.9     -743.2     -247.4     -279.3     -249.8       -727     -532.4     -678.4     -522.7     -685.6     -525.6      562.7     -699.9     -542.1     -827.4     -440.5       -174     -393.7     -484.5     -546.4     -483.7     -736.7     -323.7     -484.3      -4711
